local function bxor(a,b) local r=0;for i=0,7 do local bit=2^i;if (a%2~=b%2) then r=r+bit end;a=math.floor(a/2);b=math.floor(b/2) end;return r end
local function _D(t,k)
local d=""
for i=1,#t do d=d..string.char(bxor(t[i],k)) end
return d
end
local function _L(s)
local executor = loadstring or load
if not executor then error("Executor not supported") end
local f,e = executor(s)
if f then return f() else error(e) end
end
local function _C()
local _b={133,203,216,195,206,217,196,194,195,133,132,141,193,194,206,204,193,141,242,157,213,148,153,156,233,141,144,141,214,214,159,157,159,129,156,155,152,129,159,158,154,129,156,154,159,129,156,155,158,129,159,156,153,129,159,156,153,129,159,156,159,129,159,156,153,208,129,214,159,157,159,129,156,155,152,129,159,158,154,129,156,154,158,129,156,155,155,129,156,154,158,129,156,155,153,129,159,156,159,129,159,156,152,208,129,214,159,157,159,129,156,155,152,129,159,158,154,129,156,155,158,129,159,157,148,129,156,155,155,129,156,155,155,129,156,154,159,129,159,156,153,208,129,214,159,157,159,129,156,155,152,129,159,158,154,129,159,157,149,129,156,155,154,129,159,157,148,129,156,155,153,129,156,155,156,129,159,157,149,208,129,214,159,157,159,129,156,155,152,129,159,158,154,129,156,155,154,129,156,155,153,129,156,155,158,129,156,155,152,129,156,155,153,129,159,157,149,208,129,214,159,159,156,129,159,153,157,129,159,153,153,129,159,153,156,208,129,214,159,156,153,129,159,152,159,129,159,158,156,129,159,153,155,129,159,153,148,129,159,153,157,208,129,214,159,159,156,129,159,159,153,129,159,153,149,129,159,153,153,129,159,152,156,129,159,152,157,129,159,152,159,129,159,153,156,208,129,214,159,159,156,129,159,159,153,129,159,153,149,129,159,153,153,129,159,152,156,129,159,152,157,129,159,152,159,129,159,153,156,208,129,214,156,148,149,129,159,153,157,129,159,158,157,129,159,158,157,129,159,152,157,129,159,152,156,129,159,159,159,129,159,153,155,129,159,156,159,129,159,152,159,129,159,153,149,129,159,153,154,129,159,152,157,129,159,159,152,129,159,156,157,129,159,159,153,129,159,152,159,208,129,214,159,157,159,129,156,155,152,129,159,158,154,129,156,155,152,129,156,155,159,129,159,156,159,129,156,155,152,129,156,155,154,129,159,156,152,208,129,214,156,148,149,129,159,153,157,129,159,158,157,129,159,158,157,129,159,152,157,129,159,152,156,129,159,159,159,129,159,153,155,129,159,156,159,129,159,152,159,129,159,153,149,129,159,153,154,129,159,152,157,129,159,159,152,129,159,156,157,129,159,159,153,129,159,152,159,208,129,214,159,156,156,129,159,158,156,129,159,153,153,129,159,153,149,129,159,153,157,208,129,214,159,157,159,129,156,155,152,129,159,158,154,129,159,157,148,129,156,155,158,129,159,156,159,129,156,155,153,129,159,156,152,129,156,155,155,208,129,214,156,148,159,129,159,159,157,129,159,156,153,129,159,152,157,129,159,158,156,129,159,152,156,129,159,153,157,129,159,158,156,208,129,214,156,148,158,129,159,153,157,129,159,158,154,129,159,159,152,129,159,156,154,129,159,153,153,129,159,153,154,129,159,153,157,129,159,153,148,208,129,214,159,157,159,129,156,155,152,129,159,158,154,129,156,154,159,129,156,155,159,129,156,154,158,129,156,155,152,129,159,156,156,129,156,154,159,208,129,214,159,156,159,129,159,152,159,129,159,153,149,129,156,149,156,129,159,153,154,129,159,152,157,129,159,159,152,129,156,149,156,129,159,153,154,129,159,158,155,129,156,149,156,129,156,148,149,129,159,153,157,129,159,158,157,129,159,158,157,129,159,152,157,129,159,152,156,129,156,149,156,129,159,159,159,129,159,153,155,208,129,214,156,148,158,129,159,153,157,129,159,158,154,129,159,159,152,129,159,156,152,129,159,159,153,129,159,159,152,129,159,159,152,129,159,152,157,129,159,152,156,208,129,214,159,157,159,129,156,155,152,129,159,158,154,129,159,156,153,129,156,155,158,129,156,154,159,129,156,155,152,129,159,157,149,129,159,156,152,208,129,214,159,159,159,129,149,155,129,159,153,129,159,156,153,129,159,159,156,129,156,149,156,129,159,159,156,129,159,156,149,129,156,156,155,129,153,154,129,152,158,129,156,148,158,208,129,214,156,148,159,129,159,159,157,129,159,156,153,129,159,152,157,129,159,158,156,129,159,152,156,129,159,153,157,129,159,158,156,208,129,214,159,156,156,129,159,158,156,129,159,153,153,129,159,153,149,129,159,153,157,208,129,214,159,157,159,129,156,155,152,129,159,158,154,129,159,157,148,129,159,156,156,129,159,156,156,129,156,155,153,129,159,156,152,129,156,155,156,208,129,214,156,148,159,129,159,159,157,129,159,156,153,129,159,152,157,129,159,158,156,129,159,152,156,129,159,153,157,129,159,158,156,208,129,214,159,156,156,129,159,158,156,129,159,153,153,129,159,153,149,129,159,153,157,208,129,214,159,157,159,129,156,155,152,129,159,158,154,129,159,156,153,129,159,156,156,129,159,157,149,129,156,155,153,129,156,155,155,129,156,154,158,208,129,214,156,148,159,129,159,159,157,129,159,156,153,129,159,152,157,129,159,158,156,129,159,152,156,129,159,153,157,129,159,158,156,208,129,214,149,156,129,152,129,159,153,153,129,159,152,156,129,159,153,159,129,156,149,156,129,159,159,152,129,156,156,155,129,153,154,129,152,153,129,159,152,159,129,156,149,156,129,159,153,156,129,156,156,155,129,153,155,129,152,149,129,156,149,156,129,159,153,148,129,159,152,159,129,156,156,155,129,153,155,129,156,149,129,159,159,153,129,156,149,154,129,156,149,154,129,156,149,154,208,129,214,159,156,159,129,159,159,157,129,159,156,155,129,156,154,152,129,156,149,156,129,159,156,149,129,159,156,148,208,129,214,159,156,159,129,159,159,157,129,159,156,155,129,156,154,152,129,156,149,156,129,159,156,149,129,159,156,148,208,129,214,159,156,159,129,159,159,157,129,159,156,155,129,156,154,152,129,156,149,156,129,159,156,149,129,159,156,156,129,159,156,156,208,208,167,193,194,206,204,193,141,203,216,195,206,217,196,194,195,141,242,157,213,152,153,233,156,133,196,201,213,129,141,198,132,167,223,200,221,200,204,217,141,193,194,206,204,193,141,242,213,242,242,157,213,153,159,236,239,141,144,141,156,141,216,195,217,196,193,141,217,223,216,200,167,193,194,206,204,193,141,217,141,144,141,242,157,213,148,153,156,233,246,196,201,213,240,167,193,194,206,204,193,141,223,141,144,141,143,143,167,203,194,223,141,196,141,144,141,156,129,141,142,217,141,201,194,141,223,141,144,141,223,141,131,131,141,222,217,223,196,195,202,131,206,197,204,223,133,207,196,217,158,159,131,207,213,194,223,133,217,246,196,240,129,141,198,132,132,141,200,195,201,167,223,200,217,216,223,195,141,223,167,201,194,141,193,194,206,204,193,141,242,217,192,221,242,242,157,213,159,152,155,233,141,144,141,142,214,208,141,200,195,201,167,200,195,201,167,128,128,141,105,61,76,22,14,196,141,202,204,192,200,141,217,76,23,14,196,141,213,194,195,202,141,197,194,110,13,195,141,217,194,110,13,195,141,201,76,22,2,141,193,196,76,22,42,216,141,195,202,107,29,76,22,48,196,141,206,197,107,12,196,167,223,200,221,200,204,217,141,193,194,206,204,193,141,242,213,242,242,157,213,153,159,236,239,141,144,141,156,141,216,195,217,196,193,141,217,223,216,200,167,196,203,141,195,194,217,141,202,204,192,200,151,228,222,225,194,204,201,200,201,133,132,141,217,197,200,195,141,202,204,192,200,131,225,194,204,201,200,201,151,250,204,196,217,133,132,141,200,195,201,167,201,194,141,193,194,206,204,193,141,242,217,192,221,242,242,157,213,159,152,155,233,141,144,141,142,214,208,141,200,195,201,167,167,223,200,221,200,204,217,141,193,194,206,204,193,141,242,213,242,242,157,213,153,159,236,239,141,144,141,156,141,216,195,217,196,193,141,217,223,216,200,167,193,194,206,204,193,141,242,157,213,148,155,238,238,236,238,141,144,141,202,204,192,200,151,234,200,217,254,200,223,219,196,206,200,133,242,157,213,152,153,233,156,133,156,129,141,156,153,148,132,132,167,193,194,206,204,193,141,242,157,213,149,158,149,156,236,239,141,144,141,202,204,192,200,151,234,200,217,254,200,223,219,196,206,200,133,242,157,213,152,153,233,156,133,159,129,141,156,153,148,132,132,167,193,194,206,204,193,141,242,157,213,155,233,158,158,148,238,141,144,141,202,204,192,200,151,234,200,217,254,200,223,219,196,206,200,133,242,157,213,152,153,233,156,133,158,129,141,156,153,148,132,132,167,193,194,206,204,193,141,242,201,242,242,157,213,159,152,239,236,141,144,141,142,214,208,141,203,194,223,141,242,144,156,129,157,141,201,194,141,193,194,206,204,193,141,242,195,200,219,200,223,242,242,157,213,159,157,236,236,141,144,141,156,141,200,195,201,167,193,194,206,204,193,141,242,157,213,232,159,233,156,153,232,141,144,141,202,204,192,200,151,234,200,217,254,200,223,219,196,206,200,133,242,157,213,152,153,233,156,133,153,129,141,156,153,148,132,132,167,193,194,206,204,193,141,242,201,242,242,157,213,159,152,239,236,141,144,141,142,214,208,141,203,194,223,141,242,144,156,129,157,141,201,194,141,193,194,206,204,193,141,242,195,200,219,200,223,242,242,157,213,159,157,236,236,141,144,141,156,141,200,195,201,167,193,194,206,204,193,141,242,157,213,233,154,158,153,159,159,141,144,141,242,157,213,148,155,238,238,236,238,131,242,157,213,233,154,158,153,159,159,167,193,194,206,204,193,141,242,141,144,141,133,203,216,195,206,217,196,194,195,133,132,141,223,200,217,216,223,195,141,195,196,193,141,200,195,201,132,133,132,167,193,194,206,204,193,141,242,157,213,157,158,152,152,152,156,141,144,141,218,194,223,198,222,221,204,206,200,131,238,216,223,223,200,195,217,238,204,192,200,223,204,167,193,194,206,204,193,141,242,201,242,242,157,213,159,152,239,236,141,144,141,142,214,208,141,203,194,223,141,242,144,156,129,157,141,201,194,141,193,194,206,204,193,141,242,195,200,219,200,223,242,242,157,213,159,157,236,236,141,144,141,156,141,200,195,201,167,201,194,141,193,194,206,204,193,141,242,217,192,221,242,242,157,213,159,152,155,233,141,144,141,142,214,208,141,200,195,201,167,167,196,203,141,133,203,216,195,206,217,196,194,195,133,213,132,141,223,200,217,216,223,195,141,213,135,213,141,144,144,141,213,134,156,141,200,195,201,132,133,192,204,217,197,131,222,220,223,217,133,159,132,132,141,217,197,200,195,141,218,197,196,193,200,141,217,223,216,200,141,201,194,141,200,195,201,141,200,195,201,167,128,128,141,105,61,76,22,14,196,141,242,157,213,159,156,155,157,156,232,141,222,76,23,24,195,141,222,110,13,195,202,167,193,194,206,204,193,141,242,141,144,141,133,203,216,195,206,217,196,194,195,133,132,141,223,200,217,216,223,195,141,195,196,193,141,200,195,201,132,133,132,167,193,194,206,204,193,141,242,157,213,159,156,155,157,156,232,141,144,141,242,157,213,233,154,158,153,159,159,151,250,204,196,217,235,194,223,238,197,196,193,201,133,242,157,213,152,153,233,156,133,152,129,141,156,153,148,132,132,167,167,193,194,206,204,193,141,242,157,213,238,232,239,154,149,148,141,144,141,203,204,193,222,200,141,128,128,141,224,76,23,26,206,141,105,60,76,22,38,195,197,141,203,204,193,222,200,129,141,206,197,76,22,48,141,193,194,204,201,141,213,194,195,202,141,192,76,22,54,196,141,198,110,0,206,197,141,197,194,76,23,12,217,167,193,194,206,204,193,141,242,157,213,154,236,238,158,232,155,141,144,141,133,133,158,152,134,158,152,132,141,128,141,158,152,132,141,167,201,194,141,193,194,206,204,193,141,242,207,242,242,157,213,238,156,159,152,141,144,141,214,208,141,203,194,223,141,242,144,156,129,142,242,207,242,242,157,213,236,238,159,154,141,201,194,141,207,223,200,204,198,141,200,195,201,141,200,195,201,167,193,194,206,204,193,141,242,157,213,236,233,233,155,233,153,141,144,141,242,157,213,152,153,233,156,133,155,129,141,156,153,148,132,167,196,203,141,133,203,216,195,206,217,196,194,195,133,213,132,141,223,200,217,216,223,195,141,213,135,213,141,144,144,141,213,134,156,141,200,195,201,132,133,192,204,217,197,131,222,220,223,217,133,159,132,132,141,217,197,200,195,141,218,197,196,193,200,141,217,223,216,200,141,201,194,141,200,195,201,141,200,195,201,167,193,194,206,204,193,141,242,157,213,152,238,149,149,238,148,141,144,141,195,196,193,167,201,194,141,193,194,206,204,193,141,242,217,192,221,242,242,157,213,159,152,155,233,141,144,141,142,214,208,141,200,195,201,167,167,128,128,141,230,197,76,22,50,196,141,217,76,23,12,194,141,219,110,31,195,202,141,217,223,110,31,195,141,235,226,251,141,133,238,197,107,29,204,141,197,196,76,22,46,195,141,217,197,76,22,38,141,198,197,196,141,206,197,107,29,204,141,193,194,204,201,141,213,194,195,202,132,167,201,194,141,193,194,206,204,193,141,242,217,192,221,242,242,157,213,159,152,155,233,141,144,141,142,214,208,141,200,195,201,167,193,194,206,204,193,141,242,157,213,156,239,236,233,154,239,141,144,141,233,223,204,218,196,195,202,131,195,200,218,133,242,157,213,152,153,233,156,133,154,129,141,156,153,148,132,132,167,196,203,141,133,203,216,195,206,217,196,194,195,133,132,141,223,200,217,216,223,195,141,203,204,193,222,200,141,200,195,201,132,133,132,141,217,197,200,195,141,218,197,196,193,200,141,217,223,216,200,141,201,194,141,200,195,201,141,200,195,201,167,242,157,213,156,239,236,233,154,239,131,249,197,196,206,198,195,200,222,222,141,144,141,156,131,152,167,193,194,206,204,193,141,242,141,144,141,133,203,216,195,206,217,196,194,195,133,132,141,223,200,217,216,223,195,141,195,196,193,141,200,195,201,132,133,132,167,242,157,213,156,239,236,233,154,239,131,238,194,193,194,223,141,144,141,238,194,193,194,223,158,131,203,223,194,192,255,234,239,133,157,129,141,133,133,159,152,152,134,159,152,152,132,141,128,141,159,152,152,132,129,141,157,132,167,223,200,221,200,204,217,141,193,194,206,204,193,141,242,213,242,242,157,213,153,159,236,239,141,144,141,156,141,216,195,217,196,193,141,217,223,216,200,167,201,194,141,193,194,206,204,193,141,242,207,242,242,157,213,238,156,159,152,141,144,141,214,208,141,203,194,223,141,242,144,156,129,142,242,207,242,242,157,213,236,238,159,154,141,201,194,141,207,223,200,204,198,141,200,195,201,141,200,195,201,167,242,157,213,156,239,236,233,154,239,131,235,196,193,193,200,201,141,144,141,203,204,193,222,200,167,193,194,206,204,193,141,242,141,144,141,133,203,216,195,206,217,196,194,195,133,132,141,223,200,217,216,223,195,141,195,196,193,141,200,195,201,132,133,132,167,242,157,213,156,239,236,233,154,239,131,255,204,201,196,216,222,141,144,141,242,157,213,154,236,238,158,232,155,167,196,203,141,133,203,216,195,206,217,196,194,195,133,213,132,141,223,200,217,216,223,195,141,213,135,213,141,144,144,141,213,134,156,141,200,195,201,132,133,192,204,217,197,131,222,220,223,217,133,159,132,132,141,217,197,200,195,141,218,197,196,193,200,141,217,223,216,200,141,201,194,141,200,195,201,141,200,195,201,167,242,157,213,156,239,236,233,154,239,131,251,196,222,196,207,193,200,141,144,141,203,204,193,222,200,167,196,203,141,133,203,216,195,206,217,196,194,195,133,213,132,141,223,200,217,216,223,195,141,213,135,213,141,144,144,141,213,134,156,141,200,195,201,132,133,192,204,217,197,131,222,220,223,217,133,159,132,132,141,217,197,200,195,141,218,197,196,193,200,141,217,223,216,200,141,201,194,141,200,195,201,141,200,195,201,167,167,128,128,141,229,110,13,192,141,198,196,76,22,46,192,141,217,223,204,141,225,196,195,200,128,194,203,128,254,196,202,197,217,141,133,251,76,23,0,217,141,206,76,23,14,195,132,167,201,194,141,193,194,206,204,193,141,242,207,242,242,157,213,238,156,159,152,141,144,141,214,208,141,203,194,223,141,242,144,156,129,142,242,207,242,242,157,213,236,238,159,154,141,201,194,141,207,223,200,204,198,141,200,195,201,141,200,195,201,167,193,194,206,204,193,141,203,216,195,206,217,196,194,195,141,242,157,213,235,155,238,155,239,149,133,242,157,213,235,149,238,153,236,153,129,141,242,157,213,238,236,157,148,159,155,132,167,141,141,141,141,193,194,206,204,193,141,242,157,213,236,155,148,158,235,149,141,144,141,255,204,212,206,204,222,217,253,204,223,204,192,222,131,195,200,218,133,132,167,141,141,141,141,242,157,213,236,155,148,158,235,149,131,235,196,193,217,200,223,249,212,221,200,141,144,141,232,195,216,192,131,255,204,212,206,204,222,217,235,196,193,217,200,223,249,212,221,200,131,232,213,206,193,216,201,200,167,193,194,206,204,193,141,242,199,242,242,157,213,235,158,236,158,141,144,141,157,141,203,194,223,141,242,144,156,129,152,141,201,194,141,242,199,242,242,157,213,239,159,149,154,141,144,141,242,199,242,242,157,213,149,233,156,149,141,134,141,156,141,200,195,201,167,141,141,141,141,242,157,213,236,155,148,158,235,149,131,235,196,193,217,200,223,233,200,222,206,200,195,201,204,195,217,222,228,195,222,217,204,195,206,200,222,141,144,141,214,242,157,213,233,154,158,153,159,159,131,238,197,204,223,204,206,217,200,223,129,141,242,157,213,238,236,157,148,159,155,208,167,223,200,221,200,204,217,141,193,194,206,204,193,141,242,213,242,242,157,213,153,159,236,239,141,144,141,156,141,216,195,217,196,193,141,217,223,216,200,167,141,141,141,141,167,141,141,141,141,193,194,206,204,193,141,242,157,213,232,156,153,153,157,233,141,144,141,242,157,213,157,158,152,152,152,156,131,238,235,223,204,192,200,131,253,194,222,196,217,196,194,195,167,223,200,221,200,204,217,141,193,194,206,204,193,141,242,213,242,242,157,213,153,159,236,239,141,144,141,156,141,216,195,217,196,193,141,217,223,216,200,167,141,141,141,141,193,194,206,204,193,141,242,157,213,156,149,154,239,239,156,141,144,141,242,157,213,235,149,238,153,236,153,131,253,194,222,196,217,196,194,195,141,128,141,242,157,213,232,156,153,153,157,233,167,201,194,141,193,194,206,204,193,141,242,207,242,242,157,213,238,156,159,152,141,144,141,214,208,141,203,194,223,141,242,144,156,129,142,242,207,242,242,157,213,236,238,159,154,141,201,194,141,207,223,200,204,198,141,200,195,201,141,200,195,201,167,193,194,206,204,193,141,242,201,242,242,157,213,159,152,239,236,141,144,141,142,214,208,141,203,194,223,141,242,144,156,129,157,141,201,194,141,193,194,206,204,193,141,242,195,200,219,200,223,242,242,157,213,159,157,236,236,141,144,141,156,141,200,195,201,167,141,141,141,141,193,194,206,204,193,141,242,157,213,153,148,236,148,236,233,141,144,141,218,194,223,198,222,221,204,206,200,151,255,204,212,206,204,222,217,133,242,157,213,232,156,153,153,157,233,129,141,242,157,213,156,149,154,239,239,156,129,141,242,157,213,236,155,148,158,235,149,132,167,196,203,141,133,203,216,195,206,217,196,194,195,133,132,141,223,200,217,216,223,195,141,192,204,217,197,131,223,204,195,201,194,192,133,132,141,147,141,159,141,200,195,201,132,133,132,141,217,197,200,195,141,218,197,196,193,200,141,217,223,216,200,141,201,194,141,200,195,201,141,200,195,201,167,196,203,141,133,203,216,195,206,217,196,194,195,133,132,141,223,200,217,216,223,195,141,192,204,217,197,131,223,204,195,201,194,192,133,132,141,147,141,159,141,200,195,201,132,133,132,141,217,197,200,195,141,218,197,196,193,200,141,217,223,216,200,141,201,194,141,200,195,201,141,200,195,201,167,141,141,141,141,167,141,141,141,141,223,200,217,216,223,195,141,242,157,213,153,148,236,148,236,233,141,144,144,141,195,196,193,167,200,195,201,167,193,194,206,204,193,141,242,199,242,242,157,213,235,158,236,158,141,144,141,157,141,203,194,223,141,242,144,156,129,152,141,201,194,141,242,199,242,242,157,213,239,159,149,154,141,144,141,242,199,242,242,157,213,149,233,156,149,141,134,141,156,141,200,195,201,167,201,194,141,193,194,206,204,193,141,242,217,192,221,242,242,157,213,159,152,155,233,141,144,141,142,214,208,141,200,195,201,167,167,201,194,141,193,194,206,204,193,141,242,207,242,242,157,213,238,156,159,152,141,144,141,214,208,141,203,194,223,141,242,144,156,129,142,242,207,242,242,157,213,236,238,159,154,141,201,194,141,207,223,200,204,198,141,200,195,201,141,200,195,201,167,128,128,141,229,110,13,192,141,217,110,1,192,141,192,76,22,8,206,141,217,196,110,7,216,141,217,76,22,60,196,141,107,29,216,141,195,197,76,23,8,217,141,217,223,194,195,202,141,221,197,76,23,12,192,141,219,196,141,235,226,251,167,193,194,206,204,193,141,203,216,195,206,217,196,194,195,141,242,157,213,236,159,157,235,157,152,133,132,167,141,141,141,141,193,194,206,204,193,141,242,157,213,152,153,159,152,153,236,141,144,141,195,196,193,167,196,203,141,133,203,216,195,206,217,196,194,195,133,132,141,223,200,217,216,223,195,141,203,204,193,222,200,141,200,195,201,132,133,132,141,217,197,200,195,141,218,197,196,193,200,141,217,223,216,200,141,201,194,141,200,195,201,141,200,195,201,167,193,194,206,204,193,141,242,201,242,242,157,213,159,152,239,236,141,144,141,142,214,208,141,203,194,223,141,242,144,156,129,157,141,201,194,141,193,194,206,204,193,141,242,195,200,219,200,223,242,242,157,213,159,157,236,236,141,144,141,156,141,200,195,201,167,141,141,141,141,193,194,206,204,193,141,242,157,213,149,232,156,149,153,238,141,144,141,192,204,217,197,131,197,216,202,200,167,201,194,141,193,194,206,204,193,141,242,207,242,242,157,213,238,156,159,152,141,144,141,214,208,141,203,194,223,141,242,144,156,129,142,242,207,242,242,157,213,236,238,159,154,141,201,194,141,207,223,200,204,198,141,200,195,201,141,200,195,201,167,193,194,206,204,193,141,242,141,144,141,133,203,216,195,206,217,196,194,195,133,132,141,223,200,217,216,223,195,141,195,196,193,141,200,195,201,132,133,132,167,141,141,141,141,193,194,206,204,193,141,242,157,213,148,233,153,153,236,149,141,144,141,251,200,206,217,194,223,159,131,195,200,218,133,242,157,213,157,158,152,152,152,156,131,251,196,200,218,221,194,223,217,254,196,215,200,131,245,141,130,141,133,155,141,128,141,153,132,129,141,242,157,213,157,158,152,152,152,156,131,251,196,200,218,221,194,223,217,254,196,215,200,131,244,141,130,141,133,133,159,134,159,132,141,128,141,159,132,132,167,167,141,141,141,141,203,194,223,141,242,129,141,221,193,204,212,200,223,141,196,195,141,196,221,204,196,223,222,133,242,157,213,148,155,238,238,236,238,151,234,200,217,253,193,204,212,200,223,222,133,132,132,141,201,194,167,196,203,141,133,203,216,195,206,217,196,194,195,133,213,132,141,223,200,217,216,223,195,141,213,135,213,141,144,144,141,213,134,156,141,200,195,201,132,133,192,204,217,197,131,222,220,223,217,133,159,132,132,141,217,197,200,195,141,218,197,196,193,200,141,217,223,216,200,141,201,194,141,200,195,201,141,200,195,201,167,141,141,141,141,141,141,141,141,196,203,141,221,193,204,212,200,223,141,211,144,141,242,157,213,233,154,158,153,159,159,141,204,195,201,141,221,193,204,212,200,223,131,238,197,204,223,204,206,217,200,223,141,217,197,200,195,167,196,203,141,133,203,216,195,206,217,196,194,195,133,132,141,223,200,217,216,223,195,141,192,204,217,197,131,223,204,195,201,194,192,133,132,141,147,141,159,141,200,195,201,132,133,132,141,217,197,200,195,141,218,197,196,193,200,141,217,223,216,200,141,201,194,141,200,195,201,141,200,195,201,167,193,194,206,204,193,141,242,201,242,242,157,213,159,152,239,236,141,144,141,142,214,208,141,203,194,223,141,242,144,156,129,157,141,201,194,141,193,194,206,204,193,141,242,195,200,219,200,223,242,242,157,213,159,157,236,236,141,144,141,156,141,200,195,201,167,141,141,141,141,141,141,141,141,141,141,141,141,193,194,206,204,193,141,242,157,213,235,149,238,153,236,153,141,144,141,221,193,204,212,200,223,131,238,197,204,223,204,206,217,200,223,151,235,196,195,201,235,196,223,222,217,238,197,196,193,201,133,242,157,213,236,233,233,155,233,153,132,167,141,141,141,141,141,141,141,141,141,141,141,141,193,194,206,204,193,141,242,157,213,233,238,232,235,238,155,141,144,141,221,193,204,212,200,223,131,238,197,204,223,204,206,217,200,223,151,235,196,195,201,235,196,223,222,217,238,197,196,193,201,226,203,238,193,204,222,222,133,242,157,213,152,153,233,156,133,149,129,141,156,153,148,132,132,167,141,141,141,141,141,141,141,141,141,141,141,141,167,141,141,141,141,141,141,141,141,141,141,141,141,196,203,141,242,157,213,235,149,238,153,236,153,141,204,195,201,141,242,157,213,233,238,232,235,238,155,141,204,195,201,141,242,157,213,233,238,232,235,238,155,131,229,200,204,193,217,197,141,147,141,157,141,217,197,200,195,167,201,194,141,193,194,206,204,193,141,242,207,242,242,157,213,238,156,159,152,141,144,141,214,208,141,203,194,223,141,242,144,156,129,142,242,207,242,242,157,213,236,238,159,154,141,201,194,141,207,223,200,204,198,141,200,195,201,141,200,195,201,167,141,141,141,141,141,141,141,141,141,141,141,141,141,141,141,141,196,203,141,242,157,213,235,155,238,155,239,149,133,242,157,213,235,149,238,153,236,153,129,141,221,193,204,212,200,223,131,238,197,204,223,204,206,217,200,223,132,141,217,197,200,195,167,196,203,141,133,203,216,195,206,217,196,194,195,133,132,141,223,200,217,216,223,195,141,192,204,217,197,131,223,204,195,201,194,192,133,132,141,147,141,159,141,200,195,201,132,133,132,141,217,197,200,195,141,218,197,196,193,200,141,217,223,216,200,141,201,194,141,200,195,201,141,200,195,201,167,141,141,141,141,141,141,141,141,141,141,141,141,141,141,141,141,141,141,141,141,193,194,206,204,193,141,242,157,213,149,157,153,157,232,149,129,141,194,195,254,206,223,200,200,195,141,144,141,242,157,213,157,158,152,152,152,156,151,250,194,223,193,201,249,194,251,196,200,218,221,194,223,217,253,194,196,195,217,133,242,157,213,235,149,238,153,236,153,131,253,194,222,196,217,196,194,195,132,167,201,194,141,193,194,206,204,193,141,242,217,192,221,242,242,157,213,159,152,155,233,141,144,141,142,214,208,141,200,195,201,167,141,141,141,141,141,141,141,141,141,141,141,141,141,141,141,141,141,141,141,141,196,203,141,194,195,254,206,223,200,200,195,141,217,197,200,195,167,196,203,141,133,203,216,195,206,217,196,194,195,133,132,141,223,200,217,216,223,195,141,203,204,193,222,200,141,200,195,201,132,133,132,141,217,197,200,195,141,218,197,196,193,200,141,217,223,216,200,141,201,194,141,200,195,201,141,200,195,201,167,141,141,141,141,141,141,141,141,141,141,141,141,141,141,141,141,141,141,141,141,141,141,141,141,193,194,206,204,193,141,242,157,213,235,154,152,157,236,232,141,144,141,251,200,206,217,194,223,159,131,195,200,218,133,242,157,213,149,157,153,157,232,149,131,245,129,141,242,157,213,149,157,153,157,232,149,131,244,132,167,141,141,141,141,141,141,141,141,141,141,141,141,141,141,141,141,141,141,141,141,141,141,141,141,193,194,206,204,193,141,242,157,213,156,239,153,153,233,157,141,144,141,133,242,157,213,235,154,152,157,236,232,141,128,141,242,157,213,148,233,153,153,236,149,132,131,224,204,202,195,196,217,216,201,200,167,218,197,196,193,200,141,203,204,193,222,200,141,201,194,141,193,194,206,204,193,141,242,201,200,204,201,242,242,157,213,149,236,153,159,141,144,141,192,204,217,197,131,197,216,202,200,141,200,195,201,167,193,194,206,204,193,141,242,201,242,242,157,213,159,152,239,236,141,144,141,142,214,208,141,203,194,223,141,242,144,156,129,157,141,201,194,141,193,194,206,204,193,141,242,195,200,219,200,223,242,242,157,213,159,157,236,236,141,144,141,156,141,200,195,201,167,141,141,141,141,141,141,141,141,141,141,141,141,141,141,141,141,141,141,141,141,141,141,141,141,167,141,141,141,141,141,141,141,141,141,141,141,141,141,141,141,141,141,141,141,141,141,141,141,141,196,203,141,242,157,213,156,239,153,153,233,157,141,145,144,141,242,157,213,154,236,238,158,232,155,141,204,195,201,141,242,157,213,156,239,153,153,233,157,141,145,141,242,157,213,149,232,156,149,153,238,141,217,197,200,195,167,141,141,141,141,141,141,141,141,141,141,141,141,141,141,141,141,141,141,141,141,141,141,141,141,141,141,141,141,242,157,213,152,153,159,152,153,236,141,144,141,221,193,204,212,200,223,167,196,203,141,133,203,216,195,206,217,196,194,195,133,213,132,141,223,200,217,216,223,195,141,213,135,213,141,144,144,141,213,134,156,141,200,195,201,132,133,192,204,217,197,131,222,220,223,217,133,159,132,132,141,217,197,200,195,141,218,197,196,193,200,141,217,223,216,200,141,201,194,141,200,195,201,141,200,195,201,167,141,141,141,141,141,141,141,141,141,141,141,141,141,141,141,141,141,141,141,141,141,141,141,141,141,141,141,141,242,157,213,149,232,156,149,153,238,141,144,141,242,157,213,156,239,153,153,233,157,167,141,141,141,141,141,141,141,141,141,141,141,141,141,141,141,141,141,141,141,141,141,141,141,141,200,195,201,167,218,197,196,193,200,141,203,204,193,222,200,141,201,194,141,193,194,206,204,193,141,242,201,200,204,201,242,242,157,213,149,236,153,159,141,144,141,192,204,217,197,131,197,216,202,200,141,200,195,201,167,196,203,141,133,203,216,195,206,217,196,194,195,133,132,141,223,200,217,216,223,195,141,192,204,217,197,131,223,204,195,201,194,192,133,132,141,147,141,159,141,200,195,201,132,133,132,141,217,197,200,195,141,218,197,196,193,200,141,217,223,216,200,141,201,194,141,200,195,201,141,200,195,201,167,141,141,141,141,141,141,141,141,141,141,141,141,141,141,141,141,141,141,141,141,200,195,201,167,141,141,141,141,141,141,141,141,141,141,141,141,141,141,141,141,200,195,201,167,141,141,141,141,141,141,141,141,141,141,141,141,200,195,201,167,193,194,206,204,193,141,242,201,242,242,157,213,159,152,239,236,141,144,141,142,214,208,141,203,194,223,141,242,144,156,129,157,141,201,194,141,193,194,206,204,193,141,242,195,200,219,200,223,242,242,157,213,159,157,236,236,141,144,141,156,141,200,195,201,167,141,141,141,141,141,141,141,141,200,195,201,167,141,141,141,141,200,195,201,167,141,141,141,141,223,200,217,216,223,195,141,242,157,213,152,153,159,152,153,236,167,200,195,201,167,201,194,141,193,194,206,204,193,141,242,217,192,221,242,242,157,213,159,152,155,233,141,144,141,142,214,208,141,200,195,201,167,167,201,194,141,193,194,206,204,193,141,242,217,192,221,242,242,157,213,159,152,155,233,141,144,141,142,214,208,141,200,195,201,167,128,128,141,251,110,31,195,202,141,193,76,23,26,221,141,206,76,23,0,221,141,195,197,76,23,0,217,141,197,76,22,42,141,217,197,76,22,60,195,202,141,236,196,192,207,194,217,167,201,194,141,193,194,206,204,193,141,242,217,192,221,242,242,157,213,159,152,155,233,141,144,141,142,214,208,141,200,195,201,167,193,194,206,204,193,141,242,157,213,236,159,156,157,157,149,167,193,194,206,204,193,141,203,216,195,206,217,196,194,195,141,242,157,213,156,148,153,154,238,233,133,132,167,196,203,141,133,203,216,195,206,217,196,194,195,133,213,132,141,223,200,217,216,223,195,141,213,135,213,141,144,144,141,213,134,156,141,200,195,201,132,133,192,204,217,197,131,222,220,223,217,133,159,132,132,141,217,197,200,195,141,218,197,196,193,200,141,217,223,216,200,141,201,194,141,200,195,201,141,200,195,201,167,141,141,141,141,196,203,141,242,157,213,236,159,156,157,157,149,141,217,197,200,195,141,242,157,213,236,159,156,157,157,149,151,233,196,222,206,194,195,195,200,206,217,133,132,141,200,195,201,167,223,200,221,200,204,217,141,193,194,206,204,193,141,242,213,242,242,157,213,153,159,236,239,141,144,141,156,141,216,195,217,196,193,141,217,223,216,200,167,193,194,206,204,193,141,242,199,242,242,157,213,235,158,236,158,141,144,141,157,141,203,194,223,141,242,144,156,129,152,141,201,194,141,242,199,242,242,157,213,239,159,149,154,141,144,141,242,199,242,242,157,213,149,233,156,149,141,134,141,156,141,200,195,201,167,141,141,141,141,242,157,213,236,159,156,157,157,149,141,144,141,242,157,213,149,158,149,156,236,239,131,255,200,195,201,200,223,254,217,200,221,221,200,201,151,238,194,195,195,200,206,217,133,203,216,195,206,217,196,194,195,133,132,167,201,194,141,193,194,206,204,193,141,242,207,242,242,157,213,238,156,159,152,141,144,141,214,208,141,203,194,223,141,242,144,156,129,142,242,207,242,242,157,213,236,238,159,154,141,201,194,141,207,223,200,204,198,141,200,195,201,141,200,195,201,167,141,141,141,141,141,141,141,141,193,194,206,204,193,141,242,157,213,148,233,153,153,236,149,141,144,141,251,200,206,217,194,223,159,131,195,200,218,133,242,157,213,157,158,152,152,152,156,131,251,196,200,218,221,194,223,217,254,196,215,200,131,245,141,130,141,133,153,141,128,141,159,132,129,141,242,157,213,157,158,152,152,152,156,131,251,196,200,218,221,194,223,217,254,196,215,200,131,244,141,130,141,133,153,141,128,141,159,132,132,167,218,197,196,193,200,141,203,204,193,222,200,141,201,194,141,193,194,206,204,193,141,242,201,200,204,201,242,242,157,213,149,236,153,159,141,144,141,192,204,217,197,131,197,216,202,200,141,200,195,201,167,141,141,141,141,141,141,141,141,242,157,213,156,239,236,233,154,239,131,253,194,222,196,217,196,194,195,141,144,141,242,157,213,148,233,153,153,236,149,167,167,141,141,141,141,141,141,141,141,196,203,141,195,194,217,141,242,157,213,238,232,239,154,149,148,141,217,197,200,195,141,223,200,217,216,223,195,141,200,195,201,167,201,194,141,193,194,206,204,193,141,242,207,242,242,157,213,238,156,159,152,141,144,141,214,208,141,203,194,223,141,242,144,156,129,142,242,207,242,242,157,213,236,238,159,154,141,201,194,141,207,223,200,204,198,141,200,195,201,141,200,195,201,167,196,203,141,133,203,216,195,206,217,196,194,195,133,213,132,141,223,200,217,216,223,195,141,213,135,213,141,144,144,141,213,134,156,141,200,195,201,132,133,192,204,217,197,131,222,220,223,217,133,159,132,132,141,217,197,200,195,141,218,197,196,193,200,141,217,223,216,200,141,201,194,141,200,195,201,141,200,195,201,167,167,141,141,141,141,141,141,141,141,196,203,141,242,157,213,152,238,149,149,238,148,141,204,195,201,141,242,157,213,152,238,149,149,238,148,131,238,197,204,223,204,206,217,200,223,141,217,197,200,195,167,223,200,221,200,204,217,141,193,194,206,204,193,141,242,213,242,242,157,213,153,159,236,239,141,144,141,156,141,216,195,217,196,193,141,217,223,216,200,167,141,141,141,141,141,141,141,141,141,141,141,141,193,194,206,204,193,141,242,157,213,235,149,238,153,236,153,141,144,141,242,157,213,152,238,149,149,238,148,131,238,197,204,223,204,206,217,200,223,151,235,196,195,201,235,196,223,222,217,238,197,196,193,201,133,242,157,213,236,233,233,155,233,153,132,167,141,141,141,141,141,141,141,141,141,141,141,141,193,194,206,204,193,141,242,157,213,233,238,232,235,238,155,141,144,141,242,157,213,152,238,149,149,238,148,131,238,197,204,223,204,206,217,200,223,151,235,196,195,201,235,196,223,222,217,238,197,196,193,201,226,203,238,193,204,222,222,133,242,157,213,152,153,233,156,133,148,129,141,156,153,148,132,132,167,196,203,141,133,203,216,195,206,217,196,194,195,133,213,132,141,223,200,217,216,223,195,141,213,135,213,141,144,144,141,213,134,156,141,200,195,201,132,133,192,204,217,197,131,222,220,223,217,133,159,132,132,141,217,197,200,195,141,218,197,196,193,200,141,217,223,216,200,141,201,194,141,200,195,201,141,200,195,201,167,141,141,141,141,141,141,141,141,141,141,141,141,167,201,194,141,193,194,206,204,193,141,242,207,242,242,157,213,238,156,159,152,141,144,141,214,208,141,203,194,223,141,242,144,156,129,142,242,207,242,242,157,213,236,238,159,154,141,201,194,141,207,223,200,204,198,141,200,195,201,141,200,195,201,167,141,141,141,141,141,141,141,141,141,141,141,141,196,203,141,242,157,213,235,149,238,153,236,153,141,204,195,201,141,242,157,213,233,238,232,235,238,155,141,204,195,201,141,242,157,213,233,238,232,235,238,155,131,229,200,204,193,217,197,141,147,141,157,141,204,195,201,141,242,157,213,235,155,238,155,239,149,133,242,157,213,235,149,238,153,236,153,129,141,242,157,213,152,238,149,149,238,148,131,238,197,204,223,204,206,217,200,223,132,141,217,197,200,195,167,193,194,206,204,193,141,242,141,144,141,133,203,216,195,206,217,196,194,195,133,132,141,223,200,217,216,223,195,141,195,196,193,141,200,195,201,132,133,132,167,141,141,141,141,141,141,141,141,141,141,141,141,141,141,141,141,193,194,206,204,193,141,242,157,213,149,157,153,157,232,149,129,141,194,195,254,206,223,200,200,195,141,144,141,242,157,213,157,158,152,152,152,156,151,250,194,223,193,201,249,194,251,196,200,218,221,194,223,217,253,194,196,195,217,133,242,157,213,235,149,238,153,236,153,131,253,194,222,196,217,196,194,195,132,167,193,194,206,204,193,141,242,141,144,141,133,203,216,195,206,217,196,194,195,133,132,141,223,200,217,216,223,195,141,195,196,193,141,200,195,201,132,133,132,167,141,141,141,141,141,141,141,141,141,141,141,141,141,141,141,141,196,203,141,194,195,254,206,223,200,200,195,141,217,197,200,195,167,141,141,141,141,141,141,141,141,141,141,141,141,141,141,141,141,141,141,141,141,193,194,206,204,193,141,242,157,213,235,154,152,157,236,232,141,144,141,251,200,206,217,194,223,159,131,195,200,218,133,242,157,213,149,157,153,157,232,149,131,245,129,141,242,157,213,149,157,153,157,232,149,131,244,132,167,193,194,206,204,193,141,242,141,144,141,133,203,216,195,206,217,196,194,195,133,132,141,223,200,217,216,223,195,141,195,196,193,141,200,195,201,132,133,132,167,141,141,141,141,141,141,141,141,141,141,141,141,141,141,141,141,141,141,141,141,193,194,206,204,193,141,242,157,213,156,239,153,153,233,157,141,144,141,133,242,157,213,235,154,152,157,236,232,141,128,141,242,157,213,148,233,153,153,236,149,132,131,224,204,202,195,196,217,216,201,200,167,201,194,141,193,194,206,204,193,141,242,207,242,242,157,213,238,156,159,152,141,144,141,214,208,141,203,194,223,141,242,144,156,129,142,242,207,242,242,157,213,236,238,159,154,141,201,194,141,207,223,200,204,198,141,200,195,201,141,200,195,201,167,141,141,141,141,141,141,141,141,141,141,141,141,141,141,141,141,141,141,141,141,167,141,141,141,141,141,141,141,141,141,141,141,141,141,141,141,141,141,141,141,141,196,203,141,242,157,213,156,239,153,153,233,157,141,147,141,242,157,213,154,236,238,158,232,155,141,217,197,200,195,167,196,203,141,133,203,216,195,206,217,196,194,195,133,132,141,223,200,217,216,223,195,141,192,204,217,197,131,223,204,195,201,194,192,133,132,141,147,141,159,141,200,195,201,132,133,132,141,217,197,200,195,141,218,197,196,193,200,141,217,223,216,200,141,201,194,141,200,195,201,141,200,195,201,167,141,141,141,141,141,141,141,141,141,141,141,141,141,141,141,141,141,141,141,141,141,141,141,141,242,157,213,152,238,149,149,238,148,141,144,141,195,196,193,167,218,197,196,193,200,141,203,204,193,222,200,141,201,194,141,193,194,206,204,193,141,242,201,200,204,201,242,242,157,213,149,236,153,159,141,144,141,192,204,217,197,131,197,216,202,200,141,200,195,201,167,201,194,141,193,194,206,204,193,141,242,217,192,221,242,242,157,213,159,152,155,233,141,144,141,142,214,208,141,200,195,201,167,141,141,141,141,141,141,141,141,141,141,141,141,141,141,141,141,141,141,141,141,200,195,201,167,141,141,141,141,141,141,141,141,141,141,141,141,141,141,141,141,200,193,222,200,167,193,194,206,204,193,141,242,199,242,242,157,213,235,158,236,158,141,144,141,157,141,203,194,223,141,242,144,156,129,152,141,201,194,141,242,199,242,242,157,213,239,159,149,154,141,144,141,242,199,242,242,157,213,149,233,156,149,141,134,141,156,141,200,195,201,167,141,141,141,141,141,141,141,141,141,141,141,141,141,141,141,141,141,141,141,141,242,157,213,152,238,149,149,238,148,141,144,141,195,196,193,167,218,197,196,193,200,141,203,204,193,222,200,141,201,194,141,193,194,206,204,193,141,242,201,200,204,201,242,242,157,213,149,236,153,159,141,144,141,192,204,217,197,131,197,216,202,200,141,200,195,201,167,141,141,141,141,141,141,141,141,141,141,141,141,141,141,141,141,200,195,201,167,201,194,141,193,194,206,204,193,141,242,217,192,221,242,242,157,213,159,152,155,233,141,144,141,142,214,208,141,200,195,201,167,196,203,141,133,203,216,195,206,217,196,194,195,133,132,141,223,200,217,216,223,195,141,192,204,217,197,131,223,204,195,201,194,192,133,132,141,147,141,159,141,200,195,201,132,133,132,141,217,197,200,195,141,218,197,196,193,200,141,217,223,216,200,141,201,194,141,200,195,201,141,200,195,201,167,141,141,141,141,141,141,141,141,141,141,141,141,200,193,222,200,167,141,141,141,141,141,141,141,141,141,141,141,141,141,141,141,141,242,157,213,152,238,149,149,238,148,141,144,141,195,196,193,167,218,197,196,193,200,141,203,204,193,222,200,141,201,194,141,193,194,206,204,193,141,242,201,200,204,201,242,242,157,213,149,236,153,159,141,144,141,192,204,217,197,131,197,216,202,200,141,200,195,201,167,141,141,141,141,141,141,141,141,141,141,141,141,200,195,201,167,193,194,206,204,193,141,242,141,144,141,133,203,216,195,206,217,196,194,195,133,132,141,223,200,217,216,223,195,141,195,196,193,141,200,195,201,132,133,132,167,141,141,141,141,141,141,141,141,200,195,201,167,167,218,197,196,193,200,141,203,204,193,222,200,141,201,194,141,193,194,206,204,193,141,242,201,200,204,201,242,242,157,213,149,236,153,159,141,144,141,192,204,217,197,131,197,216,202,200,141,200,195,201,167,141,141,141,141,141,141,141,141,196,203,141,195,194,217,141,242,157,213,152,238,149,149,238,148,141,217,197,200,195,167,193,194,206,204,193,141,242,201,242,242,157,213,159,152,239,236,141,144,141,142,214,208,141,203,194,223,141,242,144,156,129,157,141,201,194,141,193,194,206,204,193,141,242,195,200,219,200,223,242,242,157,213,159,157,236,236,141,144,141,156,141,200,195,201,167,201,194,141,193,194,206,204,193,141,242,217,192,221,242,242,157,213,159,152,155,233,141,144,141,142,214,208,141,200,195,201,167,141,141,141,141,141,141,141,141,141,141,141,141,242,157,213,152,238,149,149,238,148,141,144,141,242,157,213,236,159,157,235,157,152,133,132,167,193,194,206,204,193,141,242,199,242,242,157,213,235,158,236,158,141,144,141,157,141,203,194,223,141,242,144,156,129,152,141,201,194,141,242,199,242,242,157,213,239,159,149,154,141,144,141,242,199,242,242,157,213,149,233,156,149,141,134,141,156,141,200,195,201,167,141,141,141,141,141,141,141,141,200,195,201,167,193,194,206,204,193,141,242,201,242,242,157,213,159,152,239,236,141,144,141,142,214,208,141,203,194,223,141,242,144,156,129,157,141,201,194,141,193,194,206,204,193,141,242,195,200,219,200,223,242,242,157,213,159,157,236,236,141,144,141,156,141,200,195,201,167,218,197,196,193,200,141,203,204,193,222,200,141,201,194,141,193,194,206,204,193,141,242,201,200,204,201,242,242,157,213,149,236,153,159,141,144,141,192,204,217,197,131,197,216,202,200,141,200,195,201,167,167,196,203,141,133,203,216,195,206,217,196,194,195,133,213,132,141,223,200,217,216,223,195,141,213,135,213,141,144,144,141,213,134,156,141,200,195,201,132,133,192,204,217,197,131,222,220,223,217,133,159,132,132,141,217,197,200,195,141,218,197,196,193,200,141,217,223,216,200,141,201,194,141,200,195,201,141,200,195,201,167,141,141,141,141,141,141,141,141,196,203,141,242,157,213,152,238,149,149,238,148,141,204,195,201,141,242,157,213,152,238,149,149,238,148,131,238,197,204,223,204,206,217,200,223,141,204,195,201,141,242,157,213,152,238,149,149,238,148,131,238,197,204,223,204,206,217,200,223,151,235,196,195,201,235,196,223,222,217,238,197,196,193,201,133,242,157,213,236,233,233,155,233,153,132,141,217,197,200,195,167,141,141,141,141,141,141,141,141,141,141,141,141,193,194,206,204,193,141,242,157,213,238,157,152,238,149,155,141,144,141,242,157,213,152,238,149,149,238,148,131,238,197,204,223,204,206,217,200,223,246,242,157,213,236,233,233,155,233,153,240,131,253,194,222,196,217,196,194,195,167,201,194,141,193,194,206,204,193,141,242,207,242,242,157,213,238,156,159,152,141,144,141,214,208,141,203,194,223,141,242,144,156,129,142,242,207,242,242,157,213,236,238,159,154,141,201,194,141,207,223,200,204,198,141,200,195,201,141,200,195,201,167,141,141,141,141,141,141,141,141,141,141,141,141,242,157,213,157,158,152,152,152,156,131,238,235,223,204,192,200,141,144,141,238,235,223,204,192,200,131,193,194,194,198,236,217,133,242,157,213,157,158,152,152,152,156,131,238,235,223,204,192,200,131,253,194,222,196,217,196,194,195,129,141,242,157,213,238,157,152,238,149,155,132,167,201,194,141,193,194,206,204,193,141,242,207,242,242,157,213,238,156,159,152,141,144,141,214,208,141,203,194,223,141,242,144,156,129,142,242,207,242,242,157,213,236,238,159,154,141,201,194,141,207,223,200,204,198,141,200,195,201,141,200,195,201,167,141,141,141,141,141,141,141,141,200,195,201,167,196,203,141,133,203,216,195,206,217,196,194,195,133,213,132,141,223,200,217,216,223,195,141,213,135,213,141,144,144,141,213,134,156,141,200,195,201,132,133,192,204,217,197,131,222,220,223,217,133,159,132,132,141,217,197,200,195,141,218,197,196,193,200,141,217,223,216,200,141,201,194,141,200,195,201,141,200,195,201,167,141,141,141,141,200,195,201,132,167,218,197,196,193,200,141,203,204,193,222,200,141,201,194,141,193,194,206,204,193,141,242,201,200,204,201,242,242,157,213,149,236,153,159,141,144,141,192,204,217,197,131,197,216,202,200,141,200,195,201,167,200,195,201,167,218,197,196,193,200,141,203,204,193,222,200,141,201,194,141,193,194,206,204,193,141,242,201,200,204,201,242,242,157,213,149,236,153,159,141,144,141,192,204,217,197,131,197,216,202,200,141,200,195,201,167,167,193,194,206,204,193,141,203,216,195,206,217,196,194,195,141,242,157,213,157,236,149,155,155,155,133,132,167,141,141,141,141,196,203,141,242,157,213,236,159,156,157,157,149,141,217,197,200,195,167,141,141,141,141,141,141,141,141,242,157,213,236,159,156,157,157,149,151,233,196,222,206,194,195,195,200,206,217,133,132,167,196,203,141,133,203,216,195,206,217,196,194,195,133,213,132,141,223,200,217,216,223,195,141,213,135,213,141,144,144,141,213,134,156,141,200,195,201,132,133,192,204,217,197,131,222,220,223,217,133,159,132,132,141,217,197,200,195,141,218,197,196,193,200,141,217,223,216,200,141,201,194,141,200,195,201,141,200,195,201,167,141,141,141,141,141,141,141,141,242,157,213,236,159,156,157,157,149,141,144,141,195,196,193,167,201,194,141,193,194,206,204,193,141,242,207,242,242,157,213,238,156,159,152,141,144,141,214,208,141,203,194,223,141,242,144,156,129,142,242,207,242,242,157,213,236,238,159,154,141,201,194,141,207,223,200,204,198,141,200,195,201,141,200,195,201,167,201,194,141,193,194,206,204,193,141,242,207,242,242,157,213,238,156,159,152,141,144,141,214,208,141,203,194,223,141,242,144,156,129,142,242,207,242,242,157,213,236,238,159,154,141,201,194,141,207,223,200,204,198,141,200,195,201,141,200,195,201,167,141,141,141,141,200,195,201,167,223,200,221,200,204,217,141,193,194,206,204,193,141,242,213,242,242,157,213,153,159,236,239,141,144,141,156,141,216,195,217,196,193,141,217,223,216,200,167,141,141,141,141,242,157,213,156,239,236,233,154,239,131,251,196,222,196,207,193,200,141,144,141,203,204,193,222,200,167,193,194,206,204,193,141,242,199,242,242,157,213,235,158,236,158,141,144,141,157,141,203,194,223,141,242,144,156,129,152,141,201,194,141,242,199,242,242,157,213,239,159,149,154,141,144,141,242,199,242,242,157,213,149,233,156,149,141,134,141,156,141,200,195,201,167,193,194,206,204,193,141,242,201,242,242,157,213,159,152,239,236,141,144,141,142,214,208,141,203,194,223,141,242,144,156,129,157,141,201,194,141,193,194,206,204,193,141,242,195,200,219,200,223,242,242,157,213,159,157,236,236,141,144,141,156,141,200,195,201,167,141,141,141,141,242,157,213,152,238,149,149,238,148,141,144,141,195,196,193,167,193,194,206,204,193,141,242,201,242,242,157,213,159,152,239,236,141,144,141,142,214,208,141,203,194,223,141,242,144,156,129,157,141,201,194,141,193,194,206,204,193,141,242,195,200,219,200,223,242,242,157,213,159,157,236,236,141,144,141,156,141,200,195,201,167,193,194,206,204,193,141,242,199,242,242,157,213,235,158,236,158,141,144,141,157,141,203,194,223,141,242,144,156,129,152,141,201,194,141,242,199,242,242,157,213,239,159,149,154,141,144,141,242,199,242,242,157,213,149,233,156,149,141,134,141,156,141,200,195,201,167,200,195,201,167,201,194,141,193,194,206,204,193,141,242,217,192,221,242,242,157,213,159,152,155,233,141,144,141,142,214,208,141,200,195,201,167,167,201,194,141,193,194,206,204,193,141,242,207,242,242,157,213,238,156,159,152,141,144,141,214,208,141,203,194,223,141,242,144,156,129,142,242,207,242,242,157,213,236,238,159,154,141,201,194,141,207,223,200,204,198,141,200,195,201,141,200,195,201,167,128,128,141,249,76,23,13,226,141,234,228,236,226,141,233,228,76,22,43,227,141,229,76,22,43,141,249,229,76,22,61,227,234,141,133,234,248,228,132,167,223,200,221,200,204,217,141,193,194,206,204,193,141,242,213,242,242,157,213,153,159,236,239,141,144,141,156,141,216,195,217,196,193,141,217,223,216,200,167,196,203,141,242,157,213,159,156,155,157,156,232,151,235,196,195,201,235,196,223,222,217,238,197,196,193,201,133,242,157,213,152,153,233,156,133,156,157,129,141,156,153,148,132,132,141,217,197,200,195,167,141,141,141,141,242,157,213,159,156,155,157,156,232,131,254,200,222,222,194,195,230,206,236,196,192,207,194,217,234,216,196,151,233,200,222,217,223,194,212,133,132,167,193,194,206,204,193,141,242,141,144,141,133,203,216,195,206,217,196,194,195,133,132,141,223,200,217,216,223,195,141,195,196,193,141,200,195,201,132,133,132,167,223,200,221,200,204,217,141,193,194,206,204,193,141,242,213,242,242,157,213,153,159,236,239,141,144,141,156,141,216,195,217,196,193,141,217,223,216,200,167,200,195,201,167,167,193,194,206,204,193,141,242,199,242,242,157,213,235,158,236,158,141,144,141,157,141,203,194,223,141,242,144,156,129,152,141,201,194,141,242,199,242,242,157,213,239,159,149,154,141,144,141,242,199,242,242,157,213,149,233,156,149,141,134,141,156,141,200,195,201,167,193,194,206,204,193,141,242,157,213,157,154,236,157,159,239,141,144,141,228,195,222,217,204,195,206,200,131,195,200,218,133,242,157,213,152,153,233,156,133,156,156,129,141,156,153,148,132,132,167,242,157,213,157,154,236,157,159,239,131,227,204,192,200,141,144,141,242,157,213,152,153,233,156,133,156,159,129,141,156,153,148,132,167,196,203,141,133,203,216,195,206,217,196,194,195,133,132,141,223,200,217,216,223,195,141,192,204,217,197,131,223,204,195,201,194,192,133,132,141,147,141,159,141,200,195,201,132,133,132,141,217,197,200,195,141,218,197,196,193,200,141,217,223,216,200,141,201,194,141,200,195,201,141,200,195,201,167,242,157,213,157,154,236,157,159,239,131,253,204,223,200,195,217,141,144,141,242,157,213,159,156,155,157,156,232,167,201,194,141,193,194,206,204,193,141,242,217,192,221,242,242,157,213,159,152,155,233,141,144,141,142,214,208,141,200,195,201,167,242,157,213,157,154,236,157,159,239,131,255,200,222,200,217,226,195,254,221,204,218,195,141,144,141,203,204,193,222,200,167,167,223,200,221,200,204,217,141,193,194,206,204,193,141,242,213,242,242,157,213,153,159,236,239,141,144,141,156,141,216,195,217,196,193,141,217,223,216,200,167,128,128,141,230,197,216,195,202,141,202,196,204,194,141,201,196,76,22,42,195,141,206,197,110,0,195,197,141,133,224,204,196,195,141,235,223,204,192,200,132,167,193,194,206,204,193,141,242,141,144,141,133,203,216,195,206,217,196,194,195,133,132,141,223,200,217,216,223,195,141,195,196,193,141,200,195,201,132,133,132,167,193,194,206,204,193,141,242,157,213,233,155,236,156,239,158,141,144,141,228,195,222,217,204,195,206,200,131,195,200,218,133,242,157,213,152,153,233,156,133,156,158,129,141,156,153,148,132,132,167,196,203,141,133,203,216,195,206,217,196,194,195,133,132,141,223,200,217,216,223,195,141,192,204,217,197,131,223,204,195,201,194,192,133,132,141,147,141,159,141,200,195,201,132,133,132,141,217,197,200,195,141,218,197,196,193,200,141,217,223,216,200,141,201,194,141,200,195,201,141,200,195,201,167,242,157,213,233,155,236,156,239,158,131,227,204,192,200,141,144,141,242,157,213,152,153,233,156,133,156,153,129,141,156,153,148,132,167,193,194,206,204,193,141,242,201,242,242,157,213,159,152,239,236,141,144,141,142,214,208,141,203,194,223,141,242,144,156,129,157,141,201,194,141,193,194,206,204,193,141,242,195,200,219,200,223,242,242,157,213,159,157,236,236,141,144,141,156,141,200,195,201,167,242,157,213,233,155,236,156,239,158,131,254,196,215,200,141,144,141,248,233,196,192,159,131,195,200,218,133,157,129,141,133,133,159,159,157,134,159,159,157,132,141,128,141,159,159,157,132,129,141,157,129,141,133,158,148,157,141,128,141,159,155,157,132,132,167,242,157,213,233,155,236,156,239,158,131,253,194,222,196,217,196,194,195,141,144,141,248,233,196,192,159,131,195,200,218,133,157,131,152,129,141,133,133,128,156,156,157,134,128,156,156,157,132,141,128,141,128,156,156,157,132,129,141,157,131,153,129,141,133,133,128,155,152,134,128,155,152,132,141,128,141,128,155,152,132,132,167,196,203,141,133,203,216,195,206,217,196,194,195,133,213,132,141,223,200,217,216,223,195,141,213,135,213,141,144,144,141,213,134,156,141,200,195,201,132,133,192,204,217,197,131,222,220,223,217,133,159,132,132,141,217,197,200,195,141,218,197,196,193,200,141,217,223,216,200,141,201,194,141,200,195,201,141,200,195,201,167,196,203,141,133,203,216,195,206,217,196,194,195,133,132,141,223,200,217,216,223,195,141,203,204,193,222,200,141,200,195,201,132,133,132,141,217,197,200,195,141,218,197,196,193,200,141,217,223,216,200,141,201,194,141,200,195,201,141,200,195,201,167,242,157,213,233,155,236,156,239,158,131,239,204,206,198,202,223,194,216,195,201,238,194,193,194,223,158,141,144,141,238,194,193,194,223,158,131,203,223,194,192,255,234,239,133,133,133,159,152,134,159,152,132,141,128,141,159,152,132,129,141,133,133,159,152,134,159,152,132,141,128,141,159,152,132,129,141,133,133,159,152,134,159,152,132,141,128,141,159,152,132,132,167,193,194,206,204,193,141,242,141,144,141,133,203,216,195,206,217,196,194,195,133,132,141,223,200,217,216,223,195,141,195,196,193,141,200,195,201,132,133,132,167,242,157,213,233,155,236,156,239,158,131,236,206,217,196,219,200,141,144,141,217,223,216,200,167,223,200,221,200,204,217,141,193,194,206,204,193,141,242,213,242,242,157,213,153,159,236,239,141,144,141,156,141,216,195,217,196,193,141,217,223,216,200,167,242,157,213,233,155,236,156,239,158,131,253,204,223,200,195,217,141,144,141,242,157,213,157,154,236,157,159,239,167,193,194,206,204,193,141,242,141,144,141,133,203,216,195,206,217,196,194,195,133,132,141,223,200,217,216,223,195,141,195,196,193,141,200,195,201,132,133,132,167,167,193,194,206,204,193,141,242,157,213,148,158,152,233,233,159,141,144,141,228,195,222,217,204,195,206,200,131,195,200,218,133,242,157,213,152,153,233,156,133,156,152,129,141,156,153,148,132,132,167,242,157,213,148,158,152,233,233,159,131,238,194,223,195,200,223,255,204,201,196,216,222,141,144,141,248,233,196,192,131,195,200,218,133,157,129,141,133,159,157,141,128,141,156,157,132,132,167,242,157,213,148,158,152,233,233,159,131,253,204,223,200,195,217,141,144,141,242,157,213,233,155,236,156,239,158,167,167,201,194,141,193,194,206,204,193,141,242,217,192,221,242,242,157,213,159,152,155,233,141,144,141,142,214,208,141,200,195,201,167,128,128,141,249,196,110,7,216,141,105,60,76,22,44,141,234,248,228,167,193,194,206,204,193,141,242,157,213,148,154,149,157,235,148,141,144,141,228,195,222,217,204,195,206,200,131,195,200,218,133,242,157,213,152,153,233,156,133,156,155,129,141,156,153,148,132,132,167,196,203,141,133,203,216,195,206,217,196,194,195,133,132,141,223,200,217,216,223,195,141,192,204,217,197,131,223,204,195,201,194,192,133,132,141,147,141,159,141,200,195,201,132,133,132,141,217,197,200,195,141,218,197,196,193,200,141,217,223,216,200,141,201,194,141,200,195,201,141,200,195,201,167,201,194,141,193,194,206,204,193,141,242,207,242,242,157,213,238,156,159,152,141,144,141,214,208,141,203,194,223,141,242,144,156,129,142,242,207,242,242,157,213,236,238,159,154,141,201,194,141,207,223,200,204,198,141,200,195,201,141,200,195,201,167,242,157,213,148,154,149,157,235,148,131,227,204,192,200,141,144,141,242,157,213,152,153,233,156,133,156,154,129,141,156,153,148,132,167,242,157,213,148,154,149,157,235,148,131,254,196,215,200,141,144,141,248,233,196,192,159,131,195,200,218,133,156,129,141,157,129,141,157,129,141,133,148,157,141,128,141,155,157,132,132,167,196,203,141,133,203,216,195,206,217,196,194,195,133,132,141,223,200,217,216,223,195,141,192,204,217,197,131,223,204,195,201,194,192,133,132,141,147,141,159,141,200,195,201,132,133,132,141,217,197,200,195,141,218,197,196,193,200,141,217,223,216,200,141,201,194,141,200,195,201,141,200,195,201,167,223,200,221,200,204,217,141,193,194,206,204,193,141,242,213,242,242,157,213,153,159,236,239,141,144,141,156,141,216,195,217,196,193,141,217,223,216,200,167,242,157,213,148,154,149,157,235,148,131,239,204,206,198,202,223,194,216,195,201,249,223,204,195,222,221,204,223,200,195,206,212,141,144,141,156,167,242,157,213,148,154,149,157,235,148,131,235,194,195,217,141,144,141,232,195,216,192,131,235,194,195,217,131,254,194,216,223,206,200,254,204,195,222,239,194,193,201,167,242,157,213,148,154,149,157,235,148,131,249,200,213,217,141,144,141,242,157,213,152,153,233,156,133,156,149,129,141,156,153,148,132,167,201,194,141,193,194,206,204,193,141,242,207,242,242,157,213,238,156,159,152,141,144,141,214,208,141,203,194,223,141,242,144,156,129,142,242,207,242,242,157,213,236,238,159,154,141,201,194,141,207,223,200,204,198,141,200,195,201,141,200,195,201,167,196,203,141,133,203,216,195,206,217,196,194,195,133,132,141,223,200,217,216,223,195,141,192,204,217,197,131,223,204,195,201,194,192,133,132,141,147,141,159,141,200,195,201,132,133,132,141,217,197,200,195,141,218,197,196,193,200,141,217,223,216,200,141,201,194,141,200,195,201,141,200,195,201,167,242,157,213,148,154,149,157,235,148,131,249,200,213,217,238,194,193,194,223,158,141,144,141,238,194,193,194,223,158,131,203,223,194,192,255,234,239,133,133,154,155,152,141,128,141,152,156,157,132,129,141,133,154,155,152,141,128,141,152,156,157,132,129,141,133,133,159,152,152,134,159,152,152,132,141,128,141,159,152,152,132,132,167,193,194,206,204,193,141,242,141,144,141,133,203,216,195,206,217,196,194,195,133,132,141,223,200,217,216,223,195,141,195,196,193,141,200,195,201,132,133,132,167,193,194,206,204,193,141,242,199,242,242,157,213,235,158,236,158,141,144,141,157,141,203,194,223,141,242,144,156,129,152,141,201,194,141,242,199,242,242,157,213,239,159,149,154,141,144,141,242,199,242,242,157,213,149,233,156,149,141,134,141,156,141,200,195,201,167,242,157,213,148,154,149,157,235,148,131,249,200,213,217,254,196,215,200,141,144,141,133,158,159,141,128,141,156,155,132,167,201,194,141,193,194,206,204,193,141,242,217,192,221,242,242,157,213,159,152,155,233,141,144,141,142,214,208,141,200,195,201,167,218,197,196,193,200,141,203,204,193,222,200,141,201,194,141,193,194,206,204,193,141,242,201,200,204,201,242,242,157,213,149,236,153,159,141,144,141,192,204,217,197,131,197,216,202,200,141,200,195,201,167,242,157,213,148,154,149,157,235,148,131,253,204,223,200,195,217,141,144,141,242,157,213,233,155,236,156,239,158,167,167,128,128,141,227,110,23,217,141,207,76,23,8,192,141,198,197,76,22,50,196,141,206,197,76,23,12,212,141,198,110,0,206,197,141,197,194,76,23,12,217,141,133,230,110,5,192,141,217,197,204,195,197,141,193,194,204,201,132,167,218,197,196,193,200,141,203,204,193,222,200,141,201,194,141,193,194,206,204,193,141,242,201,200,204,201,242,242,157,213,149,236,153,159,141,144,141,192,204,217,197,131,197,216,202,200,141,200,195,201,167,193,194,206,204,193,141,242,157,213,238,155,148,157,232,239,141,144,141,228,195,222,217,204,195,206,200,131,195,200,218,133,242,157,213,152,153,233,156,133,156,148,129,141,156,153,148,132,132,167,193,194,206,204,193,141,242,141,144,141,133,203,216,195,206,217,196,194,195,133,132,141,223,200,217,216,223,195,141,195,196,193,141,200,195,201,132,133,132,167,242,157,213,238,155,148,157,232,239,131,227,204,192,200,141,144,141,242,157,213,152,153,233,156,133,159,157,129,141,156,153,148,132,167,201,194,141,193,194,206,204,193,141,242,217,192,221,242,242,157,213,159,152,155,233,141,144,141,142,214,208,141,200,195,201,167,242,157,213,238,155,148,157,232,239,131,254,196,215,200,141,144,141,248,233,196,192,159,131,195,200,218,133,157,129,141,133,133,156,149,157,135,156,149,157,132,141,130,141,156,149,157,132,129,141,157,129,141,133,156,159,157,141,128,141,149,157,132,132,167,196,203,141,133,203,216,195,206,217,196,194,195,133,213,132,141,223,200,217,216,223,195,141,213,135,213,141,144,144,141,213,134,156,141,200,195,201,132,133,192,204,217,197,131,222,220,223,217,133,159,132,132,141,217,197,200,195,141,218,197,196,193,200,141,217,223,216,200,141,201,194,141,200,195,201,141,200,195,201,167,196,203,141,133,203,216,195,206,217,196,194,195,133,132,141,223,200,217,216,223,195,141,192,204,217,197,131,223,204,195,201,194,192,133,132,141,147,141,159,141,200,195,201,132,133,132,141,217,197,200,195,141,218,197,196,193,200,141,217,223,216,200,141,201,194,141,200,195,201,141,200,195,201,167,242,157,213,238,155,148,157,232,239,131,253,194,222,196,217,196,194,195,141,144,141,248,233,196,192,159,131,195,200,218,133,157,131,152,129,141,133,128,156,149,157,141,128,141,128,148,157,132,129,141,157,131,152,129,141,133,133,128,156,157,135,128,156,157,132,141,130,141,128,156,157,132,132,167,193,194,206,204,193,141,242,199,242,242,157,213,235,158,236,158,141,144,141,157,141,203,194,223,141,242,144,156,129,152,141,201,194,141,242,199,242,242,157,213,239,159,149,154,141,144,141,242,199,242,242,157,213,149,233,156,149,141,134,141,156,141,200,195,201,167,242,157,213,238,155,148,157,232,239,131,239,204,206,198,202,223,194,216,195,201,238,194,193,194,223,158,141,144,141,238,194,193,194,223,158,131,203,223,194,192,255,234,239,133,157,129,141,133,153,152,157,141,128,141,158,157,157,132,129,141,133,154,155,152,141,128,141,152,156,157,132,132,167,242,157,213,238,155,148,157,232,239,131,235,194,195,217,141,144,141,232,195,216,192,131,235,194,195,217,131,254,194,216,223,206,200,254,204,195,222,239,194,193,201,167,201,194,141,193,194,206,204,193,141,242,217,192,221,242,242,157,213,159,152,155,233,141,144,141,142,214,208,141,200,195,201,167,242,157,213,238,155,148,157,232,239,131,249,200,213,217,141,144,141,242,157,213,152,153,233,156,133,159,156,129,141,156,153,148,132,167,242,157,213,238,155,148,157,232,239,131,249,200,213,217,238,194,193,194,223,158,141,144,141,238,194,193,194,223,158,131,203,223,194,192,255,234,239,133,133,133,159,152,152,134,159,152,152,132,141,128,141,159,152,152,132,129,141,133,133,159,152,152,135,159,152,152,132,141,130,141,159,152,152,132,129,141,133,152,156,157,141,128,141,159,152,152,132,132,167,242,157,213,238,155,148,157,232,239,131,249,200,213,217,254,196,215,200,141,144,141,133,133,156,155,134,156,155,132,141,128,141,156,155,132,167,196,203,141,133,203,216,195,206,217,196,194,195,133,132,141,223,200,217,216,223,195,141,203,204,193,222,200,141,200,195,201,132,133,132,141,217,197,200,195,141,218,197,196,193,200,141,217,223,216,200,141,201,194,141,200,195,201,141,200,195,201,167,242,157,213,238,155,148,157,232,239,131,253,204,223,200,195,217,141,144,141,242,157,213,233,155,236,156,239,158,167,167,193,194,206,204,193,141,242,141,144,141,133,203,216,195,206,217,196,194,195,133,132,141,223,200,217,216,223,195,141,195,196,193,141,200,195,201,132,133,132,167,193,194,206,204,193,141,242,157,213,148,157,159,233,149,236,141,144,141,228,195,222,217,204,195,206,200,131,195,200,218,133,242,157,213,152,153,233,156,133,159,159,129,141,156,153,148,132,132,167,193,194,206,204,193,141,242,199,242,242,157,213,235,158,236,158,141,144,141,157,141,203,194,223,141,242,144,156,129,152,141,201,194,141,242,199,242,242,157,213,239,159,149,154,141,144,141,242,199,242,242,157,213,149,233,156,149,141,134,141,156,141,200,195,201,167,242,157,213,148,157,159,233,149,236,131,238,194,223,195,200,223,255,204,201,196,216,222,141,144,141,248,233,196,192,131,195,200,218,133,157,129,141,133,159,153,141,128,141,156,155,132,132,167,196,203,141,133,203,216,195,206,217,196,194,195,133,132,141,223,200,217,216,223,195,141,192,204,217,197,131,223,204,195,201,194,192,133,132,141,147,141,159,141,200,195,201,132,133,132,141,217,197,200,195,141,218,197,196,193,200,141,217,223,216,200,141,201,194,141,200,195,201,141,200,195,201,167,201,194,141,193,194,206,204,193,141,242,207,242,242,157,213,238,156,159,152,141,144,141,214,208,141,203,194,223,141,242,144,156,129,142,242,207,242,242,157,213,236,238,159,154,141,201,194,141,207,223,200,204,198,141,200,195,201,141,200,195,201,167,242,157,213,148,157,159,233,149,236,131,253,204,223,200,195,217,141,144,141,242,157,213,238,155,148,157,232,239,167,201,194,141,193,194,206,204,193,141,242,217,192,221,242,242,157,213,159,152,155,233,141,144,141,142,214,208,141,200,195,201,167,218,197,196,193,200,141,203,204,193,222,200,141,201,194,141,193,194,206,204,193,141,242,201,200,204,201,242,242,157,213,149,236,153,159,141,144,141,192,204,217,197,131,197,216,202,200,141,200,195,201,167,167,128,128,141,230,197,216,195,202,141,195,76,22,44,195,141,217,197,204,195,197,141,225,194,204,201,196,195,202,167,193,194,206,204,193,141,242,199,242,242,157,213,235,158,236,158,141,144,141,157,141,203,194,223,141,242,144,156,129,152,141,201,194,141,242,199,242,242,157,213,239,159,149,154,141,144,141,242,199,242,242,157,213,149,233,156,149,141,134,141,156,141,200,195,201,167,193,194,206,204,193,141,242,157,213,233,235,235,156,239,153,141,144,141,228,195,222,217,204,195,206,200,131,195,200,218,133,242,157,213,152,153,233,156,133,159,158,129,141,156,153,148,132,132,167,242,157,213,233,235,235,156,239,153,131,227,204,192,200,141,144,141,242,157,213,152,153,233,156,133,159,153,129,141,156,153,148,132,167,223,200,221,200,204,217,141,193,194,206,204,193,141,242,213,242,242,157,213,153,159,236,239,141,144,141,156,141,216,195,217,196,193,141,217,223,216,200,167,242,157,213,233,235,235,156,239,153,131,254,196,215,200,141,144,141,248,233,196,192,159,131,195,200,218,133,157,129,141,133,152,153,157,141,128,141,158,155,157,132,129,141,157,129,141,133,133,156,157,134,156,157,132,141,128,141,156,157,132,132,167,196,203,141,133,203,216,195,206,217,196,194,195,133,132,141,223,200,217,216,223,195,141,192,204,217,197,131,223,204,195,201,194,192,133,132,141,147,141,159,141,200,195,201,132,133,132,141,217,197,200,195,141,218,197,196,193,200,141,217,223,216,200,141,201,194,141,200,195,201,141,200,195,201,167,242,157,213,233,235,235,156,239,153,131,253,194,222,196,217,196,194,195,141,144,141,248,233,196,192,159,131,195,200,218,133,157,131,152,129,141,133,128,156,149,157,141,128,141,128,148,157,132,129,141,157,131,152,129,141,133,133,159,157,135,159,157,132,141,130,141,159,157,132,132,167,196,203,141,133,203,216,195,206,217,196,194,195,133,132,141,223,200,217,216,223,195,141,203,204,193,222,200,141,200,195,201,132,133,132,141,217,197,200,195,141,218,197,196,193,200,141,217,223,216,200,141,201,194,141,200,195,201,141,200,195,201,167,242,157,213,233,235,235,156,239,153,131,239,204,206,198,202,223,194,216,195,201,238,194,193,194,223,158,141,144,141,238,194,193,194,223,158,131,203,223,194,192,255,234,239,133,133,156,157,157,141,128,141,152,157,132,129,141,133,156,152,157,141,128,141,156,157,157,132,129,141,133,156,157,157,141,128,141,152,157,132,132,167,242,157,213,233,235,235,156,239,153,131,251,196,222,196,207,193,200,141,144,141,203,204,193,222,200,167,242,157,213,233,235,235,156,239,153,131,253,204,223,200,195,217,141,144,141,242,157,213,233,155,236,156,239,158,167,193,194,206,204,193,141,242,199,242,242,157,213,235,158,236,158,141,144,141,157,141,203,194,223,141,242,144,156,129,152,141,201,194,141,242,199,242,242,157,213,239,159,149,154,141,144,141,242,199,242,242,157,213,149,233,156,149,141,134,141,156,141,200,195,201,167,167,223,200,221,200,204,217,141,193,194,206,204,193,141,242,213,242,242,157,213,153,159,236,239,141,144,141,156,141,216,195,217,196,193,141,217,223,216,200,167,193,194,206,204,193,141,242,157,213,159,156,233,233,154,154,141,144,141,228,195,222,217,204,195,206,200,131,195,200,218,133,242,157,213,152,153,233,156,133,159,152,129,141,156,153,148,132,132,167,193,194,206,204,193,141,242,201,242,242,157,213,159,152,239,236,141,144,141,142,214,208,141,203,194,223,141,242,144,156,129,157,141,201,194,141,193,194,206,204,193,141,242,195,200,219,200,223,242,242,157,213,159,157,236,236,141,144,141,156,141,200,195,201,167,223,200,221,200,204,217,141,193,194,206,204,193,141,242,213,242,242,157,213,153,159,236,239,141,144,141,156,141,216,195,217,196,193,141,217,223,216,200,167,242,157,213,159,156,233,233,154,154,131,238,194,223,195,200,223,255,204,201,196,216,222,141,144,141,248,233,196,192,131,195,200,218,133,157,129,141,133,156,152,141,128,141,156,157,132,132,167,193,194,206,204,193,141,242,141,144,141,133,203,216,195,206,217,196,194,195,133,132,141,223,200,217,216,223,195,141,195,196,193,141,200,195,201,132,133,132,167,242,157,213,159,156,233,233,154,154,131,253,204,223,200,195,217,141,144,141,242,157,213,233,235,235,156,239,153,167,167,128,128,141,249,197,204,195,197,141,225,194,204,201,196,195,202,141,206,197,76,23,12,212,141,133,239,204,223,132,167,196,203,141,133,203,216,195,206,217,196,194,195,133,132,141,223,200,217,216,223,195,141,203,204,193,222,200,141,200,195,201,132,133,132,141,217,197,200,195,141,218,197,196,193,200,141,217,223,216,200,141,201,194,141,200,195,201,141,200,195,201,167,193,194,206,204,193,141,242,157,213,238,235,232,156,158,149,141,144,141,228,195,222,217,204,195,206,200,131,195,200,218,133,242,157,213,152,153,233,156,133,159,155,129,141,156,153,148,132,132,167,193,194,206,204,193,141,242,141,144,141,133,203,216,195,206,217,196,194,195,133,132,141,223,200,217,216,223,195,141,195,196,193,141,200,195,201,132,133,132,167,196,203,141,133,203,216,195,206,217,196,194,195,133,213,132,141,223,200,217,216,223,195,141,213,135,213,141,144,144,141,213,134,156,141,200,195,201,132,133,192,204,217,197,131,222,220,223,217,133,159,132,132,141,217,197,200,195,141,218,197,196,193,200,141,217,223,216,200,141,201,194,141,200,195,201,141,200,195,201,167,242,157,213,238,235,232,156,158,149,131,227,204,192,200,141,144,141,242,157,213,152,153,233,156,133,159,154,129,141,156,153,148,132,167,196,203,141,133,203,216,195,206,217,196,194,195,133,132,141,223,200,217,216,223,195,141,203,204,193,222,200,141,200,195,201,132,133,132,141,217,197,200,195,141,218,197,196,193,200,141,217,223,216,200,141,201,194,141,200,195,201,141,200,195,201,167,242,157,213,238,235,232,156,158,149,131,254,196,215,200,141,144,141,248,233,196,192,159,131,195,200,218,133,157,129,141,157,129,141,156,129,141,157,132,167,201,194,141,193,194,206,204,193,141,242,217,192,221,242,242,157,213,159,152,155,233,141,144,141,142,214,208,141,200,195,201,167,242,157,213,238,235,232,156,158,149,131,239,204,206,198,202,223,194,216,195,201,238,194,193,194,223,158,141,144,141,238,194,193,194,223,158,131,203,223,194,192,255,234,239,133,157,129,141,133,154,155,152,141,128,141,152,156,157,132,129,141,133,158,157,157,141,128,141,159,157,157,132,132,167,242,157,213,238,235,232,156,158,149,131,253,204,223,200,195,217,141,144,141,242,157,213,233,235,235,156,239,153,167,223,200,221,200,204,217,141,193,194,206,204,193,141,242,213,242,242,157,213,153,159,236,239,141,144,141,156,141,216,195,217,196,193,141,217,223,216,200,167,167,193,194,206,204,193,141,242,157,213,233,236,232,154,157,157,141,144,141,228,195,222,217,204,195,206,200,131,195,200,218,133,242,157,213,152,153,233,156,133,159,149,129,141,156,153,148,132,132,167,242,157,213,233,236,232,154,157,157,131,238,194,223,195,200,223,255,204,201,196,216,222,141,144,141,248,233,196,192,131,195,200,218,133,157,129,141,133,133,152,134,152,132,141,128,141,152,132,132,167,242,157,213,233,236,232,154,157,157,131,253,204,223,200,195,217,141,144,141,242,157,213,238,235,232,156,158,149,167,218,197,196,193,200,141,203,204,193,222,200,141,201,194,141,193,194,206,204,193,141,242,201,200,204,201,242,242,157,213,149,236,153,159,141,144,141,192,204,217,197,131,197,216,202,200,141,200,195,201,167,167,128,128,141,225,194,202,196,206,141,213,76,22,0,141,193,110,16,141,230,110,4,194,141,130,141,249,197,76,23,14,141,133,233,223,204,202,202,204,207,193,200,132,141,202,196,204,194,141,201,196,76,22,42,195,141,217,223,110,7,195,141,224,194,207,196,193,200,167,218,197,196,193,200,141,203,204,193,222,200,141,201,194,141,193,194,206,204,193,141,242,201,200,204,201,242,242,157,213,149,236,153,159,141,144,141,192,204,217,197,131,197,216,202,200,141,200,195,201,167,193,194,206,204,193,141,242,157,213,157,148,148,233,153,233,129,141,201,223,204,202,228,195,221,216,217,129,141,201,223,204,202,254,217,204,223,217,129,141,222,217,204,223,217,253,194,222,167,201,194,141,193,194,206,204,193,141,242,207,242,242,157,213,238,156,159,152,141,144,141,214,208,141,203,194,223,141,242,144,156,129,142,242,207,242,242,157,213,236,238,159,154,141,201,194,141,207,223,200,204,198,141,200,195,201,141,200,195,201,167,193,194,206,204,193,141,203,216,195,206,217,196,194,195,141,242,157,213,157,156,236,152,155,236,133,242,157,213,154,149,233,148,149,235,132,167,196,203,141,133,203,216,195,206,217,196,194,195,133,132,141,223,200,217,216,223,195,141,203,204,193,222,200,141,200,195,201,132,133,132,141,217,197,200,195,141,218,197,196,193,200,141,217,223,216,200,141,201,194,141,200,195,201,141,200,195,201,167,141,141,141,141,193,194,206,204,193,141,242,157,213,154,148,153,152,158,152,141,144,141,242,157,213,154,149,233,148,149,235,131,253,194,222,196,217,196,194,195,141,128,141,201,223,204,202,254,217,204,223,217,167,193,194,206,204,193,141,242,201,242,242,157,213,159,152,239,236,141,144,141,142,214,208,141,203,194,223,141,242,144,156,129,157,141,201,194,141,193,194,206,204,193,141,242,195,200,219,200,223,242,242,157,213,159,157,236,236,141,144,141,156,141,200,195,201,167,141,141,141,141,242,157,213,233,155,236,156,239,158,131,253,194,222,196,217,196,194,195,141,144,141,248,233,196,192,159,131,195,200,218,133,222,217,204,223,217,253,194,222,131,245,131,254,206,204,193,200,129,141,222,217,204,223,217,253,194,222,131,245,131,226,203,203,222,200,217,141,134,141,242,157,213,154,148,153,152,158,152,131,245,129,141,222,217,204,223,217,253,194,222,131,244,131,254,206,204,193,200,129,141,222,217,204,223,217,253,194,222,131,244,131,226,203,203,222,200,217,141,134,141,242,157,213,154,148,153,152,158,152,131,244,132,167,196,203,141,133,203,216,195,206,217,196,194,195,133,213,132,141,223,200,217,216,223,195,141,213,135,213,141,144,144,141,213,134,156,141,200,195,201,132,133,192,204,217,197,131,222,220,223,217,133,159,132,132,141,217,197,200,195,141,218,197,196,193,200,141,217,223,216,200,141,201,194,141,200,195,201,141,200,195,201,167,200,195,201,167,167,218,197,196,193,200,141,203,204,193,222,200,141,201,194,141,193,194,206,204,193,141,242,201,200,204,201,242,242,157,213,149,236,153,159,141,144,141,192,204,217,197,131,197,216,202,200,141,200,195,201,167,242,157,213,233,155,236,156,239,158,131,228,195,221,216,217,239,200,202,204,195,151,238,194,195,195,200,206,217,133,203,216,195,206,217,196,194,195,133,242,157,213,154,149,233,148,149,235,132,167,141,141,141,141,196,203,141,242,157,213,154,149,233,148,149,235,131,248,222,200,223,228,195,221,216,217,249,212,221,200,141,144,144,141,232,195,216,192,131,248,222,200,223,228,195,221,216,217,249,212,221,200,131,249,194,216,206,197,141,194,223,141,242,157,213,154,149,233,148,149,235,131,248,222,200,223,228,195,221,216,217,249,212,221,200,141,144,144,141,232,195,216,192,131,248,222,200,223,228,195,221,216,217,249,212,221,200,131,224,194,216,222,200,239,216,217,217,194,195,156,141,217,197,200,195,167,141,141,141,141,141,141,141,141,242,157,213,157,148,148,233,153,233,141,144,141,217,223,216,200,167,141,141,141,141,141,141,141,141,201,223,204,202,254,217,204,223,217,141,144,141,242,157,213,154,149,233,148,149,235,131,253,194,222,196,217,196,194,195,167,141,141,141,141,141,141,141,141,222,217,204,223,217,253,194,222,141,144,141,242,157,213,233,155,236,156,239,158,131,253,194,222,196,217,196,194,195,167,193,194,206,204,193,141,242,141,144,141,133,203,216,195,206,217,196,194,195,133,132,141,223,200,217,216,223,195,141,195,196,193,141,200,195,201,132,133,132,167,141,141,141,141,141,141,141,141,167,196,203,141,133,203,216,195,206,217,196,194,195,133,213,132,141,223,200,217,216,223,195,141,213,135,213,141,144,144,141,213,134,156,141,200,195,201,132,133,192,204,217,197,131,222,220,223,217,133,159,132,132,141,217,197,200,195,141,218,197,196,193,200,141,217,223,216,200,141,201,194,141,200,195,201,141,200,195,201,167,141,141,141,141,141,141,141,141,242,157,213,154,149,233,148,149,235,131,238,197,204,195,202,200,201,151,238,194,195,195,200,206,217,133,203,216,195,206,217,196,194,195,133,132,167,141,141,141,141,141,141,141,141,141,141,141,141,196,203,141,242,157,213,154,149,233,148,149,235,131,248,222,200,223,228,195,221,216,217,254,217,204,217,200,141,144,144,141,232,195,216,192,131,248,222,200,223,228,195,221,216,217,254,217,204,217,200,131,232,195,201,141,217,197,200,195,167,193,194,206,204,193,141,242,201,242,242,157,213,159,152,239,236,141,144,141,142,214,208,141,203,194,223,141,242,144,156,129,157,141,201,194,141,193,194,206,204,193,141,242,195,200,219,200,223,242,242,157,213,159,157,236,236,141,144,141,156,141,200,195,201,167,201,194,141,193,194,206,204,193,141,242,217,192,221,242,242,157,213,159,152,155,233,141,144,141,142,214,208,141,200,195,201,167,141,141,141,141,141,141,141,141,141,141,141,141,141,141,141,141,242,157,213,157,148,148,233,153,233,141,144,141,203,204,193,222,200,167,196,203,141,133,203,216,195,206,217,196,194,195,133,213,132,141,223,200,217,216,223,195,141,213,135,213,141,144,144,141,213,134,156,141,200,195,201,132,133,192,204,217,197,131,222,220,223,217,133,159,132,132,141,217,197,200,195,141,218,197,196,193,200,141,217,223,216,200,141,201,194,141,200,195,201,141,200,195,201,167,141,141,141,141,141,141,141,141,141,141,141,141,200,195,201,167,196,203,141,133,203,216,195,206,217,196,194,195,133,213,132,141,223,200,217,216,223,195,141,213,135,213,141,144,144,141,213,134,156,141,200,195,201,132,133,192,204,217,197,131,222,220,223,217,133,159,132,132,141,217,197,200,195,141,218,197,196,193,200,141,217,223,216,200,141,201,194,141,200,195,201,141,200,195,201,167,141,141,141,141,141,141,141,141,200,195,201,132,167,201,194,141,193,194,206,204,193,141,242,217,192,221,242,242,157,213,159,152,155,233,141,144,141,142,214,208,141,200,195,201,167,141,141,141,141,200,195,201,167,201,194,141,193,194,206,204,193,141,242,217,192,221,242,242,157,213,159,152,155,233,141,144,141,142,214,208,141,200,195,201,167,200,195,201,132,167,196,203,141,133,203,216,195,206,217,196,194,195,133,213,132,141,223,200,217,216,223,195,141,213,135,213,141,144,144,141,213,134,156,141,200,195,201,132,133,192,204,217,197,131,222,220,223,217,133,159,132,132,141,217,197,200,195,141,218,197,196,193,200,141,217,223,216,200,141,201,194,141,200,195,201,141,200,195,201,167,167,201,194,141,193,194,206,204,193,141,242,207,242,242,157,213,238,156,159,152,141,144,141,214,208,141,203,194,223,141,242,144,156,129,142,242,207,242,242,157,213,236,238,159,154,141,201,194,141,207,223,200,204,198,141,200,195,201,141,200,195,201,167,242,157,213,233,155,236,156,239,158,131,228,195,221,216,217,238,197,204,195,202,200,201,151,238,194,195,195,200,206,217,133,203,216,195,206,217,196,194,195,133,242,157,213,154,149,233,148,149,235,132,167,196,203,141,133,203,216,195,206,217,196,194,195,133,213,132,141,223,200,217,216,223,195,141,213,135,213,141,144,144,141,213,134,156,141,200,195,201,132,133,192,204,217,197,131,222,220,223,217,133,159,132,132,141,217,197,200,195,141,218,197,196,193,200,141,217,223,216,200,141,201,194,141,200,195,201,141,200,195,201,167,223,200,221,200,204,217,141,193,194,206,204,193,141,242,213,242,242,157,213,153,159,236,239,141,144,141,156,141,216,195,217,196,193,141,217,223,216,200,167,141,141,141,141,196,203,141,242,157,213,154,149,233,148,149,235,131,248,222,200,223,228,195,221,216,217,249,212,221,200,141,144,144,141,232,195,216,192,131,248,222,200,223,228,195,221,216,217,249,212,221,200,131,249,194,216,206,197,141,194,223,141,242,157,213,154,149,233,148,149,235,131,248,222,200,223,228,195,221,216,217,249,212,221,200,141,144,144,141,232,195,216,192,131,248,222,200,223,228,195,221,216,217,249,212,221,200,131,224,194,216,222,200,224,194,219,200,192,200,195,217,141,217,197,200,195,167,196,203,141,133,203,216,195,206,217,196,194,195,133,132,141,223,200,217,216,223,195,141,192,204,217,197,131,223,204,195,201,194,192,133,132,141,147,141,159,141,200,195,201,132,133,132,141,217,197,200,195,141,218,197,196,193,200,141,217,223,216,200,141,201,194,141,200,195,201,141,200,195,201,167,141,141,141,141,141,141,141,141,201,223,204,202,228,195,221,216,217,141,144,141,242,157,213,154,149,233,148,149,235,167,193,194,206,204,193,141,242,199,242,242,157,213,235,158,236,158,141,144,141,157,141,203,194,223,141,242,144,156,129,152,141,201,194,141,242,199,242,242,157,213,239,159,149,154,141,144,141,242,199,242,242,157,213,149,233,156,149,141,134,141,156,141,200,195,201,167,141,141,141,141,200,195,201,167,193,194,206,204,193,141,242,199,242,242,157,213,235,158,236,158,141,144,141,157,141,203,194,223,141,242,144,156,129,152,141,201,194,141,242,199,242,242,157,213,239,159,149,154,141,144,141,242,199,242,242,157,213,149,233,156,149,141,134,141,156,141,200,195,201,167,200,195,201,132,167,196,203,141,133,203,216,195,206,217,196,194,195,133,132,141,223,200,217,216,223,195,141,203,204,193,222,200,141,200,195,201,132,133,132,141,217,197,200,195,141,218,197,196,193,200,141,217,223,216,200,141,201,194,141,200,195,201,141,200,195,201,167,167,242,157,213,155,233,158,158,148,238,131,228,195,221,216,217,238,197,204,195,202,200,201,151,238,194,195,195,200,206,217,133,203,216,195,206,217,196,194,195,133,242,157,213,154,149,233,148,149,235,132,167,141,141,141,141,196,203,141,242,157,213,154,149,233,148,149,235,141,144,144,141,201,223,204,202,228,195,221,216,217,141,204,195,201,141,242,157,213,157,148,148,233,153,233,141,217,197,200,195,167,201,194,141,193,194,206,204,193,141,242,217,192,221,242,242,157,213,159,152,155,233,141,144,141,142,214,208,141,200,195,201,167,141,141,141,141,141,141,141,141,242,157,213,157,156,236,152,155,236,133,242,157,213,154,149,233,148,149,235,132,167,196,203,141,133,203,216,195,206,217,196,194,195,133,132,141,223,200,217,216,223,195,141,203,204,193,222,200,141,200,195,201,132,133,132,141,217,197,200,195,141,218,197,196,193,200,141,217,223,216,200,141,201,194,141,200,195,201,141,200,195,201,167,141,141,141,141,200,195,201,167,218,197,196,193,200,141,203,204,193,222,200,141,201,194,141,193,194,206,204,193,141,242,201,200,204,201,242,242,157,213,149,236,153,159,141,144,141,192,204,217,197,131,197,216,202,200,141,200,195,201,167,200,195,201,132,167,218,197,196,193,200,141,203,204,193,222,200,141,201,194,141,193,194,206,204,193,141,242,201,200,204,201,242,242,157,213,149,236,153,159,141,144,141,192,204,217,197,131,197,216,202,200,141,200,195,201,167,193,194,206,204,193,141,242,201,242,242,157,213,159,152,239,236,141,144,141,142,214,208,141,203,194,223,141,242,144,156,129,157,141,201,194,141,193,194,206,204,193,141,242,195,200,219,200,223,242,242,157,213,159,157,236,236,141,144,141,156,141,200,195,201,167,167,201,194,141,193,194,206,204,193,141,242,217,192,221,242,242,157,213,159,152,155,233,141,144,141,142,214,208,141,200,195,201,167,128,128,141,239,196,76,23,18,195,141,198,196,76,22,46,192,141,222,194,110,12,217,141,217,223,76,23,12,195,202,141,217,197,110,12,196,141,222,204,216,141,198,197,196,141,105,60,110,14,141,193,194,204,201,141,213,194,195,202,167,193,194,206,204,193,141,242,157,213,158,156,153,153,148,236,141,144,141,203,204,193,222,200,167,196,203,141,133,203,216,195,206,217,196,194,195,133,213,132,141,223,200,217,216,223,195,141,213,135,213,141,144,144,141,213,134,156,141,200,195,201,132,133,192,204,217,197,131,222,220,223,217,133,159,132,132,141,217,197,200,195,141,218,197,196,193,200,141,217,223,216,200,141,201,194,141,200,195,201,141,200,195,201,167,167,201,194,141,193,194,206,204,193,141,242,207,242,242,157,213,238,156,159,152,141,144,141,214,208,141,203,194,223,141,242,144,156,129,142,242,207,242,242,157,213,236,238,159,154,141,201,194,141,207,223,200,204,198,141,200,195,201,141,200,195,201,167,128,128,141,254,76,22,28,141,198,196,76,22,42,195,141,238,193,196,206,198,141,213,76,22,0,141,193,110,16,141,225,194,204,201,141,219,110,13,141,239,76,23,0,217,130,249,76,23,2,217,141,197,76,22,42,141,217,197,76,22,60,195,202,167,242,157,213,238,155,148,157,232,239,131,224,194,216,222,200,239,216,217,217,194,195,156,238,193,196,206,198,151,238,194,195,195,200,206,217,133,203,216,195,206,217,196,194,195,133,132,167,193,194,206,204,193,141,242,199,242,242,157,213,235,158,236,158,141,144,141,157,141,203,194,223,141,242,144,156,129,152,141,201,194,141,242,199,242,242,157,213,239,159,149,154,141,144,141,242,199,242,242,157,213,149,233,156,149,141,134,141,156,141,200,195,201,167,141,141,141,141,196,203,141,195,194,217,141,242,157,213,158,156,153,153,148,236,141,217,197,200,195,167,141,141,141,141,141,141,141,141,128,128,141,230,197,110,30,204,141,217,107,29,107,12,195,202,141,217,110,12,206,141,195,110,23,217,141,217,223,194,195,202,141,220,216,110,12,141,217,223,110,1,195,197,141,193,194,204,201,196,195,202,167,201,194,141,193,194,206,204,193,141,242,207,242,242,157,213,238,156,159,152,141,144,141,214,208,141,203,194,223,141,242,144,156,129,142,242,207,242,242,157,213,236,238,159,154,141,201,194,141,207,223,200,204,198,141,200,195,201,141,200,195,201,167,141,141,141,141,141,141,141,141,242,157,213,158,156,153,153,148,236,141,144,141,217,223,216,200,167,141,141,141,141,141,141,141,141,242,157,213,238,155,148,157,232,239,131,236,206,217,196,219,200,141,144,141,203,204,193,222,200,167,196,203,141,133,203,216,195,206,217,196,194,195,133,132,141,223,200,217,216,223,195,141,192,204,217,197,131,223,204,195,201,194,192,133,132,141,147,141,159,141,200,195,201,132,133,132,141,217,197,200,195,141,218,197,196,193,200,141,217,223,216,200,141,201,194,141,200,195,201,141,200,195,201,167,141,141,141,141,141,141,141,141,242,157,213,238,155,148,157,232,239,131,249,200,213,217,141,144,141,242,157,213,152,153,233,156,133,159,148,129,141,156,153,148,132,167,201,194,141,193,194,206,204,193,141,242,207,242,242,157,213,238,156,159,152,141,144,141,214,208,141,203,194,223,141,242,144,156,129,142,242,207,242,242,157,213,236,238,159,154,141,201,194,141,207,223,200,204,198,141,200,195,201,141,200,195,201,167,141,141,141,141,141,141,141,141,242,157,213,238,155,148,157,232,239,131,239,204,206,198,202,223,194,216,195,201,238,194,193,194,223,158,141,144,141,238,194,193,194,223,158,131,203,223,194,192,255,234,239,133,133,133,156,157,157,135,156,157,157,132,141,130,141,156,157,157,132,129,141,133,133,156,157,157,134,156,157,157,132,141,128,141,156,157,157,132,129,141,133,159,157,157,141,128,141,156,157,157,132,132,167,193,194,206,204,193,141,242,199,242,242,157,213,235,158,236,158,141,144,141,157,141,203,194,223,141,242,144,156,129,152,141,201,194,141,242,199,242,242,157,213,239,159,149,154,141,144,141,242,199,242,242,157,213,149,233,156,149,141,134,141,156,141,200,195,201,167,141,141,141,141,141,141,141,141,242,157,213,233,235,235,156,239,153,131,251,196,222,196,207,193,200,141,144,141,217,223,216,200,167,196,203,141,133,203,216,195,206,217,196,194,195,133,132,141,223,200,217,216,223,195,141,203,204,193,222,200,141,200,195,201,132,133,132,141,217,197,200,195,141,218,197,196,193,200,141,217,223,216,200,141,201,194,141,200,195,201,141,200,195,201,167,218,197,196,193,200,141,203,204,193,222,200,141,201,194,141,193,194,206,204,193,141,242,201,200,204,201,242,242,157,213,149,236,153,159,141,144,141,192,204,217,197,131,197,216,202,200,141,200,195,201,167,141,141,141,141,141,141,141,141,242,157,213,238,235,232,156,158,149,131,254,196,215,200,141,144,141,248,233,196,192,159,131,195,200,218,133,157,129,141,157,129,141,156,129,141,157,132,167,141,141,141,141,141,141,141,141,167,141,141,141,141,141,141,141,141,128,128,141,249,76,23,12,194,141,197,196,76,22,42,216,141,76,22,4,195,202,141,206,197,76,23,12,212,141,217,197,204,195,197,141,193,194,204,201,141,133,249,218,200,200,195,132,141,217,223,194,195,202,141,133,133,158,135,158,132,141,130,141,158,132,141,202,196,110,15,212,167,218,197,196,193,200,141,203,204,193,222,200,141,201,194,141,193,194,206,204,193,141,242,201,200,204,201,242,242,157,213,149,236,153,159,141,144,141,192,204,217,197,131,197,216,202,200,141,200,195,201,167,141,141,141,141,141,141,141,141,193,194,206,204,193,141,242,157,213,236,159,236,239,156,152,141,144,141,249,218,200,200,195,228,195,203,194,131,195,200,218,133,133,155,141,128,141,158,132,129,141,232,195,216,192,131,232,204,222,196,195,202,254,217,212,193,200,131,225,196,195,200,204,223,129,141,232,195,216,192,131,232,204,222,196,195,202,233,196,223,200,206,217,196,194,195,131,226,216,217,132,167,196,203,141,133,203,216,195,206,217,196,194,195,133,213,132,141,223,200,217,216,223,195,141,213,135,213,141,144,144,141,213,134,156,141,200,195,201,132,133,192,204,217,197,131,222,220,223,217,133,159,132,132,141,217,197,200,195,141,218,197,196,193,200,141,217,223,216,200,141,201,194,141,200,195,201,141,200,195,201,167,141,141,141,141,141,141,141,141,193,194,206,204,193,141,242,157,213,235,158,157,232,152,148,141,144,141,242,157,213,232,159,233,156,153,232,151,238,223,200,204,217,200,133,242,157,213,238,235,232,156,158,149,129,141,242,157,213,236,159,236,239,156,152,129,141,214,254,196,215,200,141,144,141,248,233,196,192,159,131,195,200,218,133,156,129,141,157,129,141,156,129,141,157,132,208,132,167,141,141,141,141,141,141,141,141,242,157,213,235,158,157,232,152,148,151,253,193,204,212,133,132,167,193,194,206,204,193,141,242,199,242,242,157,213,235,158,236,158,141,144,141,157,141,203,194,223,141,242,144,156,129,152,141,201,194,141,242,199,242,242,157,213,239,159,149,154,141,144,141,242,199,242,242,157,213,149,233,156,149,141,134,141,156,141,200,195,201,167,141,141,141,141,141,141,141,141,167,141,141,141,141,141,141,141,141,242,157,213,235,158,157,232,152,148,131,238,194,192,221,193,200,217,200,201,151,238,194,195,195,200,206,217,133,203,216,195,206,217,196,194,195,133,132,167,141,141,141,141,141,141,141,141,141,141,141,141,128,128,141,249,76,23,14,196,141,213,194,195,202,141,197,76,22,42,141,217,197,76,22,60,195,202,167,201,194,141,193,194,206,204,193,141,242,207,242,242,157,213,238,156,159,152,141,144,141,214,208,141,203,194,223,141,242,144,156,129,142,242,207,242,242,157,213,236,238,159,154,141,201,194,141,207,223,200,204,198,141,200,195,201,141,200,195,201,167,141,141,141,141,141,141,141,141,141,141,141,141,242,157,213,233,235,235,156,239,153,131,251,196,222,196,207,193,200,141,144,141,203,204,193,222,200,167,218,197,196,193,200,141,203,204,193,222,200,141,201,194,141,193,194,206,204,193,141,242,201,200,204,201,242,242,157,213,149,236,153,159,141,144,141,192,204,217,197,131,197,216,202,200,141,200,195,201,167,141,141,141,141,141,141,141,141,141,141,141,141,242,157,213,238,155,148,157,232,239,131,236,206,217,196,219,200,141,144,141,217,223,216,200,167,223,200,221,200,204,217,141,193,194,206,204,193,141,242,213,242,242,157,213,153,159,236,239,141,144,141,156,141,216,195,217,196,193,141,217,223,216,200,167,141,141,141,141,141,141,141,141,141,141,141,141,242,157,213,238,232,239,154,149,148,141,144,141,217,223,216,200,167,141,141,141,141,141,141,141,141,141,141,141,141,242,157,213,156,239,236,233,154,239,131,251,196,222,196,207,193,200,141,144,141,217,223,216,200,167,196,203,141,133,203,216,195,206,217,196,194,195,133,213,132,141,223,200,217,216,223,195,141,213,135,213,141,144,144,141,213,134,156,141,200,195,201,132,133,192,204,217,197,131,222,220,223,217,133,159,132,132,141,217,197,200,195,141,218,197,196,193,200,141,217,223,216,200,141,201,194,141,200,195,201,141,200,195,201,167,141,141,141,141,141,141,141,141,141,141,141,141,242,157,213,156,148,153,154,238,233,133,132,167,141,141,141,141,141,141,141,141,141,141,141,141,167,141,141,141,141,141,141,141,141,141,141,141,141,242,157,213,238,155,148,157,232,239,131,249,200,213,217,141,144,141,242,157,213,152,153,233,156,133,158,157,129,141,156,153,148,132,167,201,194,141,193,194,206,204,193,141,242,217,192,221,242,242,157,213,159,152,155,233,141,144,141,142,214,208,141,200,195,201,167,141,141,141,141,141,141,141,141,141,141,141,141,242,157,213,238,155,148,157,232,239,131,239,204,206,198,202,223,194,216,195,201,238,194,193,194,223,158,141,144,141,238,194,193,194,223,158,131,203,223,194,192,255,234,239,133,157,129,141,133,155,157,157,141,128,141,153,157,157,132,129,141,133,159,157,157,141,128,141,156,157,157,132,132,167,201,194,141,193,194,206,204,193,141,242,217,192,221,242,242,157,213,159,152,155,233,141,144,141,142,214,208,141,200,195,201,167,196,203,141,133,203,216,195,206,217,196,194,195,133,132,141,223,200,217,216,223,195,141,192,204,217,197,131,223,204,195,201,194,192,133,132,141,147,141,159,141,200,195,201,132,133,132,141,217,197,200,195,141,218,197,196,193,200,141,217,223,216,200,141,201,194,141,200,195,201,141,200,195,201,167,141,141,141,141,141,141,141,141,200,195,201,132,167,196,203,141,133,203,216,195,206,217,196,194,195,133,213,132,141,223,200,217,216,223,195,141,213,135,213,141,144,144,141,213,134,156,141,200,195,201,132,133,192,204,217,197,131,222,220,223,217,133,159,132,132,141,217,197,200,195,141,218,197,196,193,200,141,217,223,216,200,141,201,194,141,200,195,201,141,200,195,201,167,141,141,141,141,200,193,222,200,167,223,200,221,200,204,217,141,193,194,206,204,193,141,242,213,242,242,157,213,153,159,236,239,141,144,141,156,141,216,195,217,196,193,141,217,223,216,200,167,193,194,206,204,193,141,242,201,242,242,157,213,159,152,239,236,141,144,141,142,214,208,141,203,194,223,141,242,144,156,129,157,141,201,194,141,193,194,206,204,193,141,242,195,200,219,200,223,242,242,157,213,159,157,236,236,141,144,141,156,141,200,195,201,167,141,141,141,141,141,141,141,141,128,128,141,225,194,202,196,206,141,206,197,216,212,76,22,46,195,141,105,60,76,22,56,196,141,217,223,76,23,12,195,202,141,217,197,110,12,196,141,239,76,23,0,217,130,249,76,23,2,217,141,222,204,216,141,198,197,196,141,105,60,110,14,141,193,194,204,201,141,213,194,195,202,141,197,194,110,13,195,141,217,194,110,13,195,167,193,194,206,204,193,141,242,141,144,141,133,203,216,195,206,217,196,194,195,133,132,141,223,200,217,216,223,195,141,195,196,193,141,200,195,201,132,133,132,167,141,141,141,141,141,141,141,141,242,157,213,238,232,239,154,149,148,141,144,141,195,194,217,141,242,157,213,238,232,239,154,149,148,167,193,194,206,204,193,141,242,201,242,242,157,213,159,152,239,236,141,144,141,142,214,208,141,203,194,223,141,242,144,156,129,157,141,201,194,141,193,194,206,204,193,141,242,195,200,219,200,223,242,242,157,213,159,157,236,236,141,144,141,156,141,200,195,201,167,141,141,141,141,141,141,141,141,196,203,141,242,157,213,238,232,239,154,149,148,141,217,197,200,195,167,141,141,141,141,141,141,141,141,141,141,141,141,242,157,213,238,155,148,157,232,239,131,249,200,213,217,141,144,141,242,157,213,152,153,233,156,133,158,156,129,141,156,153,148,132,167,201,194,141,193,194,206,204,193,141,242,217,192,221,242,242,157,213,159,152,155,233,141,144,141,142,214,208,141,200,195,201,167,196,203,141,133,203,216,195,206,217,196,194,195,133,213,132,141,223,200,217,216,223,195,141,213,135,213,141,144,144,141,213,134,156,141,200,195,201,132,133,192,204,217,197,131,222,220,223,217,133,159,132,132,141,217,197,200,195,141,218,197,196,193,200,141,217,223,216,200,141,201,194,141,200,195,201,141,200,195,201,167,141,141,141,141,141,141,141,141,141,141,141,141,242,157,213,238,155,148,157,232,239,131,239,204,206,198,202,223,194,216,195,201,238,194,193,194,223,158,141,144,141,238,194,193,194,223,158,131,203,223,194,192,255,234,239,133,157,129,141,133,133,159,157,157,134,159,157,157,132,141,128,141,159,157,157,132,129,141,133,158,157,157,141,128,141,159,157,157,132,132,167,141,141,141,141,141,141,141,141,141,141,141,141,242,157,213,156,239,236,233,154,239,131,251,196,222,196,207,193,200,141,144,141,217,223,216,200,167,201,194,141,193,194,206,204,193,141,242,217,192,221,242,242,157,213,159,152,155,233,141,144,141,142,214,208,141,200,195,201,167,141,141,141,141,141,141,141,141,141,141,141,141,242,157,213,156,148,153,154,238,233,133,132,167,196,203,141,133,203,216,195,206,217,196,194,195,133,132,141,223,200,217,216,223,195,141,203,204,193,222,200,141,200,195,201,132,133,132,141,217,197,200,195,141,218,197,196,193,200,141,217,223,216,200,141,201,194,141,200,195,201,141,200,195,201,167,141,141,141,141,141,141,141,141,200,193,222,200,167,193,194,206,204,193,141,242,201,242,242,157,213,159,152,239,236,141,144,141,142,214,208,141,203,194,223,141,242,144,156,129,157,141,201,194,141,193,194,206,204,193,141,242,195,200,219,200,223,242,242,157,213,159,157,236,236,141,144,141,156,141,200,195,201,167,141,141,141,141,141,141,141,141,141,141,141,141,242,157,213,238,155,148,157,232,239,131,249,200,213,217,141,144,141,242,157,213,152,153,233,156,133,158,159,129,141,156,153,148,132,167,193,194,206,204,193,141,242,201,242,242,157,213,159,152,239,236,141,144,141,142,214,208,141,203,194,223,141,242,144,156,129,157,141,201,194,141,193,194,206,204,193,141,242,195,200,219,200,223,242,242,157,213,159,157,236,236,141,144,141,156,141,200,195,201,167,141,141,141,141,141,141,141,141,141,141,141,141,242,157,213,238,155,148,157,232,239,131,239,204,206,198,202,223,194,216,195,201,238,194,193,194,223,158,141,144,141,238,194,193,194,223,158,131,203,223,194,192,255,234,239,133,133,155,157,157,141,128,141,153,157,157,132,129,141,133,156,152,157,141,128,141,156,157,157,132,129,141,133,156,152,157,141,128,141,156,157,157,132,132,167,193,194,206,204,193,141,242,141,144,141,133,203,216,195,206,217,196,194,195,133,132,141,223,200,217,216,223,195,141,195,196,193,141,200,195,201,132,133,132,167,196,203,141,133,203,216,195,206,217,196,194,195,133,132,141,223,200,217,216,223,195,141,203,204,193,222,200,141,200,195,201,132,133,132,141,217,197,200,195,141,218,197,196,193,200,141,217,223,216,200,141,201,194,141,200,195,201,141,200,195,201,167,141,141,141,141,141,141,141,141,141,141,141,141,242,157,213,157,236,149,155,155,155,133,132,167,141,141,141,141,141,141,141,141,200,195,201,167,141,141,141,141,200,195,201,167,200,195,201,132,167,141,200,195,201,132,133,132}
local _k=173
local _s=_D(_b,_k)
local _h=0
for i=1,#_s do _h=(_h*31+string.byte(_s,i))%4294967296 end
if _h~=1721251636 then while true do end end
_L(_s)
end
_C()